"No.","Exon / Intron","Start","End","Start Phase","End Phase","Length","Sequence"
"","5' upstream sequence","","","","","","                            ..........gggcgggggtgtgtcgggttttataacccgcagggcggccgcggcgcagg                "
"1","ENSE00003629718","63,477,061","63,477,343","-","0","283","                            AGAAGGGGCAGAGCCGAGCACCGCGCACCGCGTCATGGGGGCCGCCTCGGGCCGCCGGGGGCCGGGGCTGCTGCTGCCGCTGCCGCTGCTGTTGCTGCTGCCGCCGCAGCCCGCCCTGGCGTTGGACCCCGGGCTGCAGCCCGGCAACTTTTCTGCTGACGAGGCCGGGGCGCAGCTCTTCGCGCAGAGCTACAACTCCAGCGCCGAACAGGTGCTGTTCCAGAGCGTGGCCGCCAGCTGGGCGCACGACACCAACATCACCGCGGAGAATGCAAGGCGCCAG                                 "
" ","Intron 1-2","63,477,344","63,477,930","","","587","                            gtgggcgcccgggcccgggcggggg..........tccctgccctcctggtgcccaatag                "
"2","ENSE00003661262","63,477,931","63,478,098","0","0","168","                            GAGGAAGCAGCCCTGCTCAGCCAGGAGTTTGCGGAGGCCTGGGGCCAGAAGGCCAAGGAGCTGTATGAACCGATCTGGCAGAACTTCACGGACCCGCAGCTGCGCAGGATCATCGGAGCTGTGCGCACCCTGGGCTCTGCCAACCTGCCCCTGGCTAAGCGGCAGCAG                            "
" ","Intron 2-3","63,478,099","63,479,006","","","908","                            gtgggctgagggctgaggcagagct..........gcattcctcccctctgactccccag                "
"3","ENSE00003484452","63,479,007","63,479,100","0","1","94","                            TACAACGCCCTGCTAAGCAACATGAGCAGGATCTACTCCACCGCCAAGGTCTGCCTCCCCAACAAGACTGCCACCTGCTGGTCCCTGGACCCAG                                          "
" ","Intron 3-4","63,479,101","63,479,768","","","668","                            gtacggcccttgcagctcccctctc..........ccgaccctgcctgcctgtgtctcag                "
"4","ENSE00003655430","63,479,769","63,479,912","1","1","144","                            ATCTCACCAACATCCTGGCTTCCTCGCGAAGCTACGCCATGCTCCTGTTTGCCTGGGAGGGCTGGCACAACGCTGCGGGCATCCCGCTGAAACCGCTGTACGAGGATTTCACTGCCCTCAGCAATGAAGCCTACAAGCAGGACG                                                    "
" ","Intron 4-5","63,479,913","63,480,336","","","424","                            gtgagcaggcctctccctgtccagg..........acatacctcacccccacgcccccag                "
"5","ENSE00003657193","63,480,337","63,480,528","1","1","192","                            GCTTCACAGACACGGGGGCCTACTGGCGCTCCTGGTACAACTCCCCCACCTTCGAGGACGATCTGGAACACCTCTACCAACAGCTAGAGCCCCTCTACCTGAACCTCCATGCCTTCGTCCGCCGCGCACTGCATCGCCGATACGGAGACAGATACATCAACCTCAGGGGACCCATCCCTGCTCATCTGCTGG                                                                "
" ","Intron 5-6","63,480,529","63,481,090","","","562","                            gtaaggacctggcctcgcctccaca..........gctgtccccttccttccttatctag                "
"6","ENSE00003673106","63,481,091","63,481,188","1","0","98","                            GAGACATGTGGGCCCAGAGCTGGGAAAACATCTACGACATGGTGGTGCCTTTCCCAGACAAGCCCAACCTCGATGTCACCAGTACTATGCTGCAGCAG                                      "
" ","Intron 6-7","63,481,189","63,481,565","","","377","                            gtaagctctgggctcaagcctgggg..........acctggctccacacccctcctccag                "
"7","ENSE00003666007","63,481,566","63,481,738","0","2","173","                            GGCTGGAACGCCACGCACATGTTCCGGGTGGCAGAGGAGTTCTTCACCTCCCTGGAGCTCTCCCCCATGCCTCCCGAGTTCTGGGAAGGGTCGATGCTGGAGAAGCCGGCCGACGGGCGGGAAGTGGTGTGCCACGCCTCGGCTTGGGACTTCTACAACAGGAAAGACTTCAG                       "
" ","Intron 7-8","63,481,739","63,482,465","","","727","                            gttcagacatgggaagagcacgttc..........caccctcgccctctctacgccccag                "
"8","ENSE00003498519","63,482,466","63,482,689","2","1","224","                            GATCAAGCAGTGCACACGGGTCACGATGGACCAGCTCTCCACAGTGCACCATGAGATGGGCCATATACAGTACTACCTGCAGTACAAGGATCTGCCCGTCTCCCTGCGTCGGGGGGCCAACCCCGGCTTCCATGAGGCCATTGGGGACGTGCTGGCGCTCTCGGTCTCCACTCCTGAACATCTGCACAAAATCGGCCTGCTGGACCGTGTCACCAATGACACGG                                "
" ","Intron 8-9","63,482,690","63,483,028","","","339","                            gtatgggagggctgagaggccccca..........ctcctttcatctcatctcccaacag                "
"9","ENSE00003548315","63,483,029","63,483,173","1","2","145","                            AAAGTGACATCAATTACTTGCTAAAAATGGCACTGGAAAAAATTGCCTTCCTGCCCTTTGGCTACTTGGTGGACCAGTGGCGCTGGGGGGTCTTTAGTGGGCGTACCCCCCCTTCCCGCTACAACTTCGACTGGTGGTATCTTCG                                                   "
" ","Intron 9-10","63,483,174","63,483,459","","","286","                            gtgagaggagggatagaaaagcctt..........agacaatttaaccatccttttccag                "
"10","ENSE00003665301","63,483,460","63,483,558","2","2","99","                            AACCAAGTATCAGGGGATCTGTCCTCCTGTTACCCGAAACGAAACCCACTTTGATGCTGGAGCTAAGTTTCATGTTCCAAATGTGACACCATACATCAG                                     "
" ","Intron 10-11","63,483,559","63,483,848","","","290","                            gtattagcgcccccaccccacccac..........cctgactcccaccctgtgcctgcag                "
"11","ENSE00003583833","63,483,849","63,483,971","2","2","123","                            GTACTTTGTGAGTTTTGTCCTGCAGTTCCAGTTCCATGAAGCCCTGTGCAAGGAGGCAGGCTATGAGGGCCCACTGCACCAGTGTGACATCTACCGGTCCACCAAGGCAGGGGCCAAGCTCCG                                                                         "
" ","Intron 11-12","63,483,972","63,484,329","","","358","                            gtgtgtggtgggaagccgggggaag..........ccatggtacccactctgcccaccag                "
"12","ENSE00003566846","63,484,330","63,484,541","2","1","212","                            GAAGGTGCTGCAGGCTGGCTCCTCCAGGCCCTGGCAGGAGGTGCTGAAGGACATGGTCGGCTTAGATGCCCTGGATGCCCAGCCGCTGCTCAAGTACTTCCAGCCAGTCACCCAGTGGCTGCAGGAGCAGAACCAGCAGAACGGCGAGGTCCTGGGCTGGCCCGAGTACCAGTGGCACCCGCCGTTGCCTGACAACTACCCGGAGGGCATAG                                            "
" ","Intron 12-13","63,484,542","63,485,235","","","694","                            gtaaagccctgagtgaggatggtgt..........tgtttccctgcactctgtcccacag                "
"13","ENSE00003546645","63,485,236","63,485,372","1","0","137","                            ACCTGGTGACTGATGAGGCTGAGGCCAGCAAGTTTGTGGAGGAATATGACCGGACATCCCAGGTGGTGTGGAACGAGTATGCCGAGGCCAACTGGAACTACAACACCAACATCACCACAGAGACCAGCAAGATTCTG                                                           "
" ","Intron 13-14","63,485,373","63,486,556","","","1,184","                            gtgggagccacctccccacccccaa..........tgacaccatccccctgtgccctcag                "
"14","ENSE00003659350","63,486,557","63,486,715","0","0","159","                            CTGCAGAAGAACATGCAAATAGCCAACCACACCCTGAAGTACGGCACCCAGGCCAGGAAGTTTGATGTGAACCAGTTGCAGAACACCACTATCAAGCGGATCATAAAGAAGGTTCAGGACCTAGAACGGGCAGCACTGCCTGCCCAGGAGCTGGAGGAG                                     "
" ","Intron 14-15","63,486,716","63,486,985","","","270","                            gtgtgtggctcgcaaggtacaggga..........tcattgcctctccttcctcctgcag                "
"15","ENSE00003561256","63,486,986","63,487,073","0","1","88","                            TACAACAAGATCCTGTTGGATATGGAAACCACCTACAGCGTGGCCACTGTGTGCCACCCGAATGGCAGCTGCCTGCAGCTCGAGCCAG                                                "
" ","Intron 15-16","63,487,074","63,488,647","","","1,574","                            gtgagagctcatgtgcaggctgagt..........ctcaaggcattcaaacccctaccag                "
"16","ENSE00003606637","63,488,648","63,488,791","1","1","144","                            ATCTGACGAATGTGATGGCCACGTCCCGGAAATATGAAGACCTGTTATGGGCATGGGAGGGCTGGCGAGACAAGGCGGGGAGAGCCATCCTCCAGTTTTACCCGAAATACGTGGAACTCATCAACCAGGCTGCCCGGCTCAATG                                                    "
" ","Intron 16-17","63,488,792","63,488,940","","","149","                            gtgagtccctgctgccaacatcact..........gagcctggctgtgtcccctctgtag                "
"17","ENSE00003460790","63,488,941","63,489,132","1","1","192","                            GCTATGTAGATGCAGGGGACTCGTGGAGGTCTATGTACGAGACACCATCCCTGGAGCAAGACCTGGAGCGGCTCTTCCAGGAGCTGCAGCCACTCTACCTCAACCTGCATGCCTACGTGCGCCGGGCCCTGCACCGTCACTACGGGGCCCAGCACATCAACCTGGAGGGGCCCATTCCTGCTCACCTGCTGG                                                                "
" ","Intron 17-18","63,489,133","63,490,953","","","1,821","                            gtaagggcacatgtcgggccttgag..........tgccgtcccccacactcgcctccag                "
"18","ENSE00003485879","63,490,954","63,491,051","1","0","98","                            GGAACATGTGGGCGCAGACCTGGTCCAACATCTATGACTTGGTGGTGCCCTTCCCTTCAGCCCCCTCGATGGACACCACAGAGGCTATGCTAAAGCAG                                      "
" ","Intron 18-19","63,491,052","63,491,208","","","157","                            gtccgcaccagcccaggggcaggga..........tgggcagaactccctctgcttgcag                "
"19","ENSE00003644850","63,491,209","63,491,381","0","2","173","                            GGCTGGACGCCCAGGAGGATGTTTAAGGAGGCTGATGATTTCTTCACCTCCCTGGGGCTGCTGCCCGTGCCTCCTGAGTTCTGGAACAAGTCGATGCTGGAGAAGCCAACCGACGGGCGGGAGGTGGTCTGCCACGCCTCGGCCTGGGACTTCTACAACGGCAAGGACTTCCG                       "
" ","Intron 19-20","63,491,382","63,493,435","","","2,054","                            gtacatccagctagggctcaggtct..........ctctcccccactccactattcctag                "
"20","ENSE00003574324","63,493,436","63,493,659","2","1","224","                            GATCAAGCAGTGCACCACCGTGAACTTGGAGGACCTGGTGGTGGCCCACCACGAAATGGGCCACATCCAGTATTTCATGCAGTACAAAGACTTACCTGTGGCCTTGAGGGAGGGTGCCAACCCCGGCTTCCATGAGGCCATTGGGGACGTGCTAGCCCTCTCAGTGTCTACGCCCAAGCACCTGCACAGTCTCAACCTGCTGAGCAGTGAGGGTGGCAGCGACG                                "
" ","Intron 20-21","63,493,660","63,493,921","","","262","                            gtgagagagaagcgggaggccctgg..........acagctgggctcccttcccttgcag                "
"21","ENSE00003545829","63,493,922","63,494,066","1","2","145","                            AGCATGACATCAACTTTCTGATGAAGATGGCCCTTGACAAGATCGCCTTTATCCCCTTCAGCTACCTCGTCGATCAGTGGCGCTGGAGGGTATTTGATGGAAGCATCACCAAGGAGAACTATAACCAGGAGTGGTGGAGCCTCAG                                                   "
" ","Intron 21-22","63,494,067","63,494,371","","","305","                            gttctggaacactcccacgggatgc..........tccaacatatattcccactcgacag                "
"22","ENSE00003683947","63,494,372","63,494,470","2","2","99","                            GCTGAAGTACCAGGGCCTCTGCCCCCCAGTGCCCAGGACTCAAGGTGACTTTGACCCAGGGGCCAAGTTCCACATTCCTTCTAGCGTGCCTTACATCAG                                     "
" ","Intron 22-23","63,494,471","63,496,393","","","1,923","                            gtaacgggaaaggcaggagggcaca..........gggccacggcctcgctctgctccag                "
"23","ENSE00003685583","63,496,394","63,496,516","2","2","123","                            GTACTTTGTCAGCTTCATCATCCAGTTCCAGTTCCACGAGGCACTGTGCCAGGCAGCTGGCCACACGGGCCCCCTGCACAAGTGTGACATCTACCAGTCCAAGGAGGCCGGGCAGCGCCTGGC                                                                         "
" ","Intron 23-24","63,496,517","63,496,797","","","281","                            gtgagtgtcctccagccctcctttg..........gcctccctgtctcatgcctccccag                "
"24","ENSE00003557946","63,496,798","63,496,985","2","1","188","                            GACCGCCATGAAGCTGGGCTTCAGTAGGCCGTGGCCGGAAGCCATGCAGCTGATCACGGGCCAGCCCAACATGAGCGCCTCGGCCATGTTGAGCTACTTCAAGCCGCTGCTGGACTGGCTCCGCACGGAGAACGAGCTGCATGGGGAGAAGCTGGGCTGGCCGCAGTACAACTGGACGCCGAACTCCG                                                                    "
" ","Intron 24-25","63,496,986","63,497,136","","","151","                            gtaccgccacccaccccacctccag..........tgctgtctccttgcttcccgctcag                "
"25","ENSE00002259849","63,497,137","63,498,373","1","-","1,237","                            CTCGCTCAGAAGGGCCCCTCCCAGACAGCGGCCGCGTCAGCTTCCTGGGCCTGGACCTGGATGCGCAGCAGGCCCGCGTGGGCCAGTGGCTGCTGCTCTTCCTGGGCATCGCCCTGCTGGTAGCCACCCTGGGCCTCAGCCAGCGGCTCTTCAGCATCCGCCACCGCAGCCTCCACCGGCACTCCCACGGGCCCCAGTTCGGCTCCGAGGTGGAGCTGAGACACTCCTGAGGTGACCCGGCTGGGTCGGCCCTGCCCAAGGGCCTCCCACCAGAGACTGGGATGGGAACACTGGTGGGCAGCTGAGGACACACCCCACACCCCAGCCCACCCTGCTCCTCCTGCCCTGTCCCTGTCCCCCTCCCCTCCCAGTCCTCCAGACCACCAGCCGCCCCAGCCCCTTCTCCCAGCACACGGCTGCCTGACACTGAGCCCCACCTCTCCAAGTCTCTCTGTGAATACAATTAAAGGTCCTGCCCTCCCCATCTGAGTCTGTGTCCCTCACAGGGAAGCCAGGGACAGGGACAGGCTGCTTTCCTGCCTCCTGGCAGTCAAGTGGGTCCCGTTACTAGGTTTGTTCCTCCATCCTCCTTCAGGAGCCGGGGAGGATCCCCAGAGCTCTGCCCCAGCACCTCCTGGCGCTGGCGCCTGTCTTCCCTCCAGCCCAGGCAGCCCGCCACTGTCCTGCCACCGCAGGCAGCCCCTGTCTGGCCCAAGCACTGACCCACGCGGACTCTGGGAAGCAGACATCCTGGGCTGCTGGCCTCACATTTCCACTGGCAGTGGAGCCTTTCCCTGCTCCACAAATGGCCAGGTCCCCCCAGGGGAAGGCTTCCGGCTGTTATCGGCTGCCTCAGGGGGCGAGTACCTTGGAGGGCCTGCTTCAAGGAGGGTGCCCCCTGGAGGGCACACACCAGCCTAGTGCTTACCTTGGCTCCTGCCTGTACCAGCTCCATGACTCTGCTCGGGTGAACAGCCTTGGCTCTCAGACAGCCATTCTAACACTGCCAGTGCAGAGGGGCCTCAGACGCTGGAGTGTAGCAGTGGCTGCACCTGCACAGGGATTAGCTGCCAGCAGCCACCCTGCTGGCGTCCCAGCACACACCTCCTCACTCCCTGCATTGGAGGGAGTGTCATTTTAAGGGACATTTTTATGACTTTTATGTGTATGTTTATGTAGAAATTTGGAAAATACAGAAAACTGTAAAGAAAATAAAAGCCCTTTATATCAACGTCAA                                       "
"","3' downstream sequence","","","","","","                            gagataagccctgttgacgttttggtgtacaacttgccggacttcttctc..........                "
