"No.","Exon / Intron","Start","End","Start Phase","End Phase","Length","Sequence"
"","5' upstream sequence","","","","","","                              {""url"":""/Homo_sapiens/Component/Transcript/Exons/exons?db=core;g=ENSG00000093010;r=22:19941733-19969975;t=ENST00000361682;time=1707232000955.955;adorn=only"",""provisional"":{""ref"":{""style"":[[0,""""],[0,""color:#008000""]]},""flourishes"":{},""seq"":[{""style"":[1]}],""legend"":{""_messages"":[],""exons/Introns"":{""flanking"":{""text"":""Flanking sequence"",""label"":""#008000"",""class"":""ef"",""default"":null}}},""expect"":[]}}                ..........cccgcaccccgcccgccacggcctgcgtccgccaccggaagcgccctcct                "
"1","ENSE00001871649","19,941,772","19,941,897","-","-","126","                              {""url"":""/Homo_sapiens/Component/Transcript/Exons/exons?db=core;g=ENSG00000093010;r=22:19941733-19969975;t=ENST00000361682;time=1707232000955.955;adorn=only"",""provisional"":{""expect"":[],""legend"":{""_messages"":[],""exons/Introns"":{""exon1"":{""class"":""e1"",""default"":null,""text"":""Translated sequence"",""label"":""#1044ee""},""utr"":{""default"":null,""class"":""eu"",""text"":""UTR"",""label"":""#cd6839""},""flanking"":{""class"":""ef"",""default"":null,""label"":""#008000"",""text"":""Flanking sequence""}}},""seq"":[{""style"":[1]},-1,{""style"":[1,-5,0]}],""flourishes"":{},""ref"":{""style"":[[0,""""],[0,""color:#cd6839""]]}}}                AATCCCCGCAGCGCCACCGCCATTGCCGCCATCGTCGTGGGGCTTCTGGGGCAGCTAGGGCTGCCCGCCGCGCTGCCTGCGCCGGACCGGGGCGGGTCCAGTCCCGGGCGGGCCGTCGCGGGAGAG                                                                      "
" ","Intron 1-2","19,941,898","19,961,198","","","19,301","                              {""url"":""/Homo_sapiens/Component/Transcript/Exons/exons?db=core;g=ENSG00000093010;r=22:19941733-19969975;t=ENST00000361682;time=1707232000955.955;adorn=only"",""provisional"":{""flourishes"":{},""ref"":{""style"":[[0,""""],[0,""color:#aaaaaa""]]},""expect"":[],""legend"":{""_messages"":[],""exons/Introns"":{""flanking"":{""class"":""ef"",""default"":null,""label"":""#008000"",""text"":""Flanking sequence""},""utr"":{""label"":""#cd6839"",""text"":""UTR"",""class"":""eu"",""default"":null},""exon1"":{""class"":""e1"",""default"":null,""label"":""#1044ee"",""text"":""Translated sequence""},""intron"":{""class"":""ei"",""default"":null,""label"":""#aaaaaa"",""text"":""Intron sequence""}}},""seq"":[{""style"":[1]}]}}                gtgagagcgctggctagaccggggc..........ccaaaggcaaaattgatttccacag                "
"2","ENSE00001056469","19,961,199","19,961,289","-","-","91","                              {""url"":""/Homo_sapiens/Component/Transcript/Exons/exons?db=core;g=ENSG00000093010;r=22:19941733-19969975;t=ENST00000361682;time=1707232000955.955;adorn=only"",""provisional"":{""expect"":[],""legend"":{""_messages"":[],""exons/Introns"":{""flanking"":{""class"":""ef"",""default"":null,""text"":""Flanking sequence"",""label"":""#008000""},""utr"":{""label"":""#cd6839"",""text"":""UTR"",""default"":null,""class"":""eu""},""exon1"":{""default"":null,""class"":""e1"",""label"":""#1044ee"",""text"":""Translated sequence""},""intron"":{""label"":""#aaaaaa"",""text"":""Intron sequence"",""class"":""ei"",""default"":null}}},""seq"":[{""style"":[1]},{""style"":[1,-30,0]}],""flourishes"":{},""ref"":{""style"":[[0,""""],[0,""color:#cd6839""]]}}}                AAATAACATCTGCTTTGCTGCCGAGCTCAGAGGAGACCCCAGACCCCTCCCGCAGCCAGAGGGCTGGAGCCTGCTCAGAGGTGCTTTGAAG                                             "
" ","Intron 2-3","19,961,290","19,962,526","","","1,237","                              {""provisional"":{""ref"":{""style"":[[0,""""],[0,""color:#aaaaaa""]]},""flourishes"":{},""seq"":[{""style"":[1]}],""legend"":{""_messages"":[],""exons/Introns"":{""flanking"":{""label"":""#008000"",""text"":""Flanking sequence"",""class"":""ef"",""default"":null},""utr"":{""label"":""#cd6839"",""text"":""UTR"",""default"":null,""class"":""eu""},""exon1"":{""default"":null,""class"":""e1"",""text"":""Translated sequence"",""label"":""#1044ee""},""intron"":{""label"":""#aaaaaa"",""text"":""Intron sequence"",""class"":""ei"",""default"":null}}},""expect"":[]},""url"":""/Homo_sapiens/Component/Transcript/Exons/exons?db=core;g=ENSG00000093010;r=22:19941733-19969975;t=ENST00000361682;time=1707232000955.955;adorn=only""}                gtgagttggccaacggaagccgggg..........gcgcccctcccctcccgccctgcag                "
"3","ENSE00001656924","19,962,527","19,962,815","0","1","289","                              {""url"":""/Homo_sapiens/Component/Transcript/Exons/exons?db=core;g=ENSG00000093010;r=22:19941733-19969975;t=ENST00000361682;time=1707232000955.955;adorn=only"",""provisional"":{""expect"":[],""seq"":[{""style"":[1]},-3,{""style"":[1,-48,0]}],""legend"":{""_messages"":[],""exons/Introns"":{""flanking"":{""label"":""#008000"",""text"":""Flanking sequence"",""class"":""ef"",""default"":null},""utr"":{""label"":""#cd6839"",""text"":""UTR"",""class"":""eu"",""default"":null},""exon1"":{""text"":""Translated sequence"",""label"":""#1044ee"",""class"":""e1"",""default"":null},""intron"":{""text"":""Intron sequence"",""label"":""#aaaaaa"",""default"":null,""class"":""ei""}}},""flourishes"":{},""ref"":{""style"":[[0,""""],[0,""color:#1044ee""]]}}}                ATGCCGGAGGCCCCGCCTCTGCTGTTGGCAGCTGTGTTGCTGGGCCTGGTGCTGCTGGTGGTGCTGCTGCTGCTTCTGAGGCACTGGGGCTGGGGCCTGTGCCTTATCGGCTGGAACGAGTTCATCCTGCAGCCCATCCACAACCTGCTCATGGGTGACACCAAGGAGCAGCGCATCCTGAACCACGTGCTGCAGCATGCGGAGCCCGGGAACGCACAGAGCGTGCTGGAGGCCATTGACACCTACTGCGAGCAGAAGGAGTGGGCCATGAACGTGGGCGACAAGAAAG                           "
" ","Intron 3-4","19,962,816","19,963,565","","","750","                              {""provisional"":{""expect"":[],""seq"":[{""style"":[1]}],""legend"":{""_messages"":[],""exons/Introns"":{""flanking"":{""class"":""ef"",""default"":null,""text"":""Flanking sequence"",""label"":""#008000""},""utr"":{""text"":""UTR"",""label"":""#cd6839"",""class"":""eu"",""default"":null},""exon1"":{""label"":""#1044ee"",""text"":""Translated sequence"",""default"":null,""class"":""e1""},""intron"":{""class"":""ei"",""default"":null,""label"":""#aaaaaa"",""text"":""Intron sequence""}}},""flourishes"":{},""ref"":{""style"":[[0,""""],[0,""color:#aaaaaa""]]}},""url"":""/Homo_sapiens/Component/Transcript/Exons/exons?db=core;g=ENSG00000093010;r=22:19941733-19969975;t=ENST00000361682;time=1707232000955.955;adorn=only""}                gtggggtccgggccagcaggtgctc..........ctcctccgtccccaaccctgcacag                "
"4","ENSE00003569391","19,963,566","19,963,759","1","0","194","                              {""provisional"":{""expect"":[],""seq"":[{""style"":[1]},-2,{""style"":[1,-13,0]}],""legend"":{""_messages"":[],""exons/Introns"":{""flanking"":{""label"":""#008000"",""text"":""Flanking sequence"",""default"":null,""class"":""ef""},""utr"":{""label"":""#cd6839"",""text"":""UTR"",""default"":null,""class"":""eu""},""exon1"":{""text"":""Translated sequence"",""label"":""#1044ee"",""class"":""e1"",""default"":null},""intron"":{""class"":""ei"",""default"":null,""label"":""#aaaaaa"",""text"":""Intron sequence""}}},""flourishes"":{},""ref"":{""style"":[[0,""""],[0,""color:#1044ee""]]}},""url"":""/Homo_sapiens/Component/Transcript/Exons/exons?db=core;g=ENSG00000093010;r=22:19941733-19969975;t=ENST00000361682;time=1707232000955.955;adorn=only""}                GCAAGATCGTGGACGCCGTGATTCAGGAGCACCAGCCCTCCGTGCTGCTGGAGCTGGGGGCCTACTGTGGCTACTCAGCTGTGCGCATGGCCCGCCTGCTGTCACCAGGGGCGAGGCTCATCACCATCGAGATCAACCCCGACTGTGCCGCCATCACCCAGCGGATGGTGGATTTCGCTGGCGTGAAGGACAAG                                                              "
" ","Intron 4-5","19,963,760","19,964,167","","","408","                              {""provisional"":{""legend"":{""_messages"":[],""exons/Introns"":{""flanking"":{""class"":""ef"",""default"":null,""label"":""#008000"",""text"":""Flanking sequence""},""utr"":{""default"":null,""class"":""eu"",""label"":""#cd6839"",""text"":""UTR""},""exon1"":{""default"":null,""class"":""e1"",""label"":""#1044ee"",""text"":""Translated sequence""},""intron"":{""label"":""#aaaaaa"",""text"":""Intron sequence"",""default"":null,""class"":""ei""}}},""seq"":[{""style"":[1]}],""expect"":[],""ref"":{""style"":[[0,""""],[0,""color:#aaaaaa""]]},""flourishes"":{}},""url"":""/Homo_sapiens/Component/Transcript/Exons/exons?db=core;g=ENSG00000093010;r=22:19941733-19969975;t=ENST00000361682;time=1707232000955.955;adorn=only""}                gtgtgcatgcctgacccgttgtcag..........tgggcactgacaggcgctgttccag                "
"5","ENSE00001316383","19,964,168","19,964,299","0","0","132","                              {""provisional"":{""seq"":[{""style"":[1]},-1,{""style"":[1,-11,0]}],""legend"":{""_messages"":[],""exons/Introns"":{""flanking"":{""default"":null,""class"":""ef"",""text"":""Flanking sequence"",""label"":""#008000""},""utr"":{""label"":""#cd6839"",""text"":""UTR"",""class"":""eu"",""default"":null},""exon1"":{""label"":""#1044ee"",""text"":""Translated sequence"",""class"":""e1"",""default"":null},""intron"":{""text"":""Intron sequence"",""label"":""#aaaaaa"",""class"":""ei"",""default"":null}}},""expect"":[],""ref"":{""style"":[[0,""""],[0,""color:#1044ee""]]},""flourishes"":{}},""url"":""/Homo_sapiens/Component/Transcript/Exons/exons?db=core;g=ENSG00000093010;r=22:19941733-19969975;t=ENST00000361682;time=1707232000955.955;adorn=only""}                GTCACCCTTGTGGTTGGAGCGTCCCAGGACATCATCCCCCAGCTGAAGAAGAAGTATGATGTGGACACACTGGACATGGTCTTCCTCGACCACTGGAAGGACCGGTACCTGCCGGACACGCTTCTCTTGGAG                                                                "
" ","Intron 5-6","19,964,300","19,968,535","","","4,236","                              {""provisional"":{""legend"":{""_messages"":[],""exons/Introns"":{""flanking"":{""default"":null,""class"":""ef"",""label"":""#008000"",""text"":""Flanking sequence""},""utr"":{""class"":""eu"",""default"":null,""label"":""#cd6839"",""text"":""UTR""},""exon1"":{""class"":""e1"",""default"":null,""label"":""#1044ee"",""text"":""Translated sequence""},""intron"":{""default"":null,""class"":""ei"",""label"":""#aaaaaa"",""text"":""Intron sequence""}}},""seq"":[{""style"":[1]}],""expect"":[],""ref"":{""style"":[[0,""""],[0,""color:#aaaaaa""]]},""flourishes"":{}},""url"":""/Homo_sapiens/Component/Transcript/Exons/exons?db=core;g=ENSG00000093010;r=22:19941733-19969975;t=ENST00000361682;time=1707232000955.955;adorn=only""}                gtgagccccaaccaggatggcatcc..........cccccaccccccggtctgtttgcag                "
"6","ENSE00001297813","19,968,536","19,969,975","0","-","1,440","                              {""provisional"":{""legend"":{""_messages"":[],""exons/Introns"":{""flanking"":{""label"":""#008000"",""text"":""Flanking sequence"",""class"":""ef"",""default"":null},""utr"":{""class"":""eu"",""default"":null,""text"":""UTR"",""label"":""#cd6839""},""exon1"":{""label"":""#1044ee"",""text"":""Translated sequence"",""class"":""e1"",""default"":null},""intron"":{""text"":""Intron sequence"",""label"":""#aaaaaa"",""default"":null,""class"":""ei""}}},""seq"":[{""style"":[1]},-2,{""style"":[1,-20,2]},{""style"":[2]},-19],""expect"":[],""ref"":{""style"":[[0,""""],[0,""color:#1044ee""],[7,""cd6839""]]},""flourishes"":{}},""url"":""/Homo_sapiens/Component/Transcript/Exons/exons?db=core;g=ENSG00000093010;r=22:19941733-19969975;t=ENST00000361682;time=1707232000955.955;adorn=only""}                GAATGTGGCCTGCTGCGGAAGGGGACAGTGCTACTGGCTGACAACGTGATCTGCCCAGGTGCGCCAGACTTCCTAGCACACGTGCGCGGGAGCAGCTGCTTTGAGTGCACACACTACCAATCGTTCCTGGAATACAGGGAGGTGGTGGACGGCCTGGAGAAGGCCATCTACAAGGGCCCAGGCAGCGAAGCAGGGCCCTGACTGCCCCCCCGGCCCCCCTCTCGGGCTCTCTCACCCAGCCTGGTACTGAAGGTGCCAGACGTGCTCCTGCTGACCTTCTGCGGCTCCGGGCTGTGTCCTAAATGCAAAGCACACCTCGGCCGAGGCCTGCGCCCTGACATGCTAACCTCTCTGAACTGCAACACTGGATTGTTCTTTTTTAAGACTCAATCATGACTTCTTTACTAACACTGGCTAGCTATATTATCTTATATACTAATATCATGTTTTAAAAATATAAAATAGAAATTAAGAATCTAAATATTTAGATATAACTCGACTTAGTACATCCTTCTCAACTGCCATTCCCCTGCTGCCCTTGACTTGGGCACCAAACATTCAAAGCTCCCCTTGACGGACGCTAACGCTAAGGGCGGGGCCCCTAGCTGGCTGGGTTCTGGGTGGCACGCCTGGCCCACTGGCCTCCCAGCCACAGTGGTGCAGAGGTCAGCCCTCCTGCAGCTAGGCCAGGGGCACCTGTTAGCCCCATGGGGACGACTGCCGGCCTGGGAAACGAAGAGGAGTCAGCCAGCATTCACACCTTTCTGACCAAGCAGGCGCTGGGGACAGGTGGACCCCGCAGCAGCACCAGCCCCTCTGGGCCCCATGTGGCACAGAGTGGAAGCATCTCCTTCCCTACTCCCCACTGGGCCTTGCTTACAGAAGAGGCAATGGCTCAGACCAGCTCCCGCATCCCTGTAGTTGCCTCCCTGGCCCATGAGTGAGGATGCAGTGCTGGTTTCTGCCCACCTACACCTAGAGCTGTCCCCATCTCCTCCAAGGGGTCAGACTGCTAGCCACCTCAGAGGCTCCAAGGGCCCAGTTCCCAGGCCCAGGACAGGAATCAACCCTGTGCTAGCTGAGTTCACCTGCACCGAGACCAGCCCCTAGCCAAGATTCTACTCCTGGGCTCAAGGCCTGGCTAGCCCCCAGCCAGCCCACTCCTATGGATAGACAGACCAGTGAGCCCAAGTGGACAAGTTTGGGGCCACCCAGGGACCAGAAACAGAGCCTCTGCAGGACACAGCAGATGGGCACCTGGGACCACCTCCACCCAGGGCCCTGCCCCAGACGCGCAGAGGCCCGACACAAGGGAGAAGCCAGCCACTTGTGCCAGACCTGAGTGGCAGAAAGCAAAAAGTTCCTTTGCTGCTTTAATTTTTAAATTTTCTTACAAAAATTTAGGTGTTTACCAATAGTCTTATTTTGGCTTATTTTTAA                "
"","3' downstream sequence","","","","","","                              {""provisional"":{""flourishes"":{},""ref"":{""style"":[[0,""""],[0,""color:#008000""]]},""expect"":[],""seq"":[{""style"":[1]}],""legend"":{""_messages"":[],""exons/Introns"":{""flanking"":{""default"":null,""class"":""ef"",""label"":""#008000"",""text"":""Flanking sequence""},""utr"":{""label"":""#cd6839"",""text"":""UTR"",""default"":null,""class"":""eu""},""exon1"":{""class"":""e1"",""default"":null,""text"":""Translated sequence"",""label"":""#1044ee""},""intron"":{""class"":""ei"",""default"":null,""label"":""#aaaaaa"",""text"":""Intron sequence""}}}},""url"":""/Homo_sapiens/Component/Transcript/Exons/exons?db=core;g=ENSG00000093010;r=22:19941733-19969975;t=ENST00000361682;time=1707232000955.955;adorn=only""}                tgctttttctcagtgtttttcttctgtttctgagtcacgaacagcaggca..........                "
