"No.","Exon / Intron","Start","End","Start Phase","End Phase","Length","Sequence"
"","5' upstream sequence","","","","","","                              {""provisional"":{""ref"":{""style"":[[0,""""],[0,""color:#008000""]]},""flourishes"":{},""legend"":{""exons/Introns"":{""flanking"":{""default"":null,""class"":""ef"",""label"":""#008000"",""text"":""Flanking sequence""}},""_messages"":[]},""seq"":[{""style"":[1]}],""expect"":[]},""url"":""/Homo_sapiens/Component/Transcript/Exons/exons?db=core;g=ENSG00000100197;r=22:42126499-42130881;t=ENST00000645361;time=1707232550199.199;adorn=only""}                ..........gtcctctgtgcctggtggggtgggggtgccaggtgtgtccagaggagccc                "
"1","ENSE00003816605","42,130,810","42,130,612","-","0","199","                              {""provisional"":{""flourishes"":{},""ref"":{""style"":[[0,""""],[0,""color:#1044ee""],[7,""cd6839""]]},""expect"":[],""legend"":{""exons/Introns"":{""exon1"":{""text"":""Translated sequence"",""label"":""#1044ee"",""default"":null,""class"":""e1""},""utr"":{""text"":""UTR"",""label"":""#cd6839"",""class"":""eu"",""default"":null},""flanking"":{""text"":""Flanking sequence"",""label"":""#008000"",""default"":null,""class"":""ef""}},""_messages"":[]},""seq"":[{""style"":[2,-18,1]},{""style"":[1]},-1,{""style"":[1,-18,0]}]},""url"":""/Homo_sapiens/Component/Transcript/Exons/exons?db=core;g=ENSG00000100197;r=22:42126499-42130881;t=ENST00000645361;time=1707232550199.199;adorn=only""}                ATTTGGTAGTGAGGCAGGTATGGGGCTAGAAGCACTGGTGCCCCTGGCCGTGATAGTGGCCATCTTCCTGCTCCTGGTGGACCTGATGCACCGGCGCCAACGCTGGGCTGCACGCTACCCACCAGGCCCCCTGCCACTGCCCGGGCTGGGCAACCTGCTGCATGTGGACTTCCAGAACACACCATACTGCTTCGACCAG                                                         "
" ","Intron 1-2","42,130,611","42,129,910","","","702","                              {""url"":""/Homo_sapiens/Component/Transcript/Exons/exons?db=core;g=ENSG00000100197;r=22:42126499-42130881;t=ENST00000645361;time=1707232550199.199;adorn=only"",""provisional"":{""expect"":[],""seq"":[{""style"":[1]}],""legend"":{""exons/Introns"":{""intron"":{""label"":""#aaaaaa"",""text"":""Intron sequence"",""class"":""ei"",""default"":null},""exon1"":{""label"":""#1044ee"",""text"":""Translated sequence"",""default"":null,""class"":""e1""},""utr"":{""label"":""#cd6839"",""text"":""UTR"",""class"":""eu"",""default"":null},""flanking"":{""class"":""ef"",""default"":null,""text"":""Flanking sequence"",""label"":""#008000""}},""_messages"":[]},""flourishes"":{},""ref"":{""style"":[[0,""""],[0,""color:#aaaaaa""]]}}}                gtgagggaggaggtcctggagggcg..........agaggccctgaccctccctctgcag                "
"2","ENSE00002349137","42,129,909","42,129,738","0","1","172","                              {""url"":""/Homo_sapiens/Component/Transcript/Exons/exons?db=core;g=ENSG00000100197;r=22:42126499-42130881;t=ENST00000645361;time=1707232550199.199;adorn=only"",""provisional"":{""seq"":[{""style"":[1]},-1,{""style"":[1,-51,0]}],""legend"":{""exons/Introns"":{""intron"":{""class"":""ei"",""default"":null,""text"":""Intron sequence"",""label"":""#aaaaaa""},""exon1"":{""class"":""e1"",""default"":null,""label"":""#1044ee"",""text"":""Translated sequence""},""utr"":{""label"":""#cd6839"",""text"":""UTR"",""default"":null,""class"":""eu""},""flanking"":{""default"":null,""class"":""ef"",""text"":""Flanking sequence"",""label"":""#008000""}},""_messages"":[]},""expect"":[],""ref"":{""style"":[[0,""""],[0,""color:#1044ee""]]},""flourishes"":{}}}                TTGCGGCGCCGCTTCGGGGACGTGTTCAGCCTGCAGCTGGCCTGGACGCCGGTGGTCGTGCTCAATGGGCTGGCGGCCGTGCGCGAGGCGCTGGTGACCCACGGCGAGGACACCGCCGACCGCCCGCCTGTGCCCATCACCCAGATCCTGGGTTTCGGGCCGCGTTCCCAAG                        "
" ","Intron 2-3","42,129,737","42,129,186","","","552","                              {""url"":""/Homo_sapiens/Component/Transcript/Exons/exons?db=core;g=ENSG00000100197;r=22:42126499-42130881;t=ENST00000645361;time=1707232550199.199;adorn=only"",""provisional"":{""expect"":[],""legend"":{""exons/Introns"":{""intron"":{""default"":null,""class"":""ei"",""label"":""#aaaaaa"",""text"":""Intron sequence""},""exon1"":{""default"":null,""class"":""e1"",""label"":""#1044ee"",""text"":""Translated sequence""},""utr"":{""class"":""eu"",""default"":null,""label"":""#cd6839"",""text"":""UTR""},""flanking"":{""default"":null,""class"":""ef"",""label"":""#008000"",""text"":""Flanking sequence""}},""_messages"":[]},""seq"":[{""style"":[1]}],""flourishes"":{},""ref"":{""style"":[[0,""""],[0,""color:#aaaaaa""]]}}}                gcaagcagcggtggggacagagaca..........gcgcacgtgcccgtcccacccccag                "
"3","ENSE00003556115","42,129,185","42,129,033","1","1","153","                              {""url"":""/Homo_sapiens/Component/Transcript/Exons/exons?db=core;g=ENSG00000100197;r=22:42126499-42130881;t=ENST00000645361;time=1707232550199.199;adorn=only"",""provisional"":{""expect"":[],""legend"":{""exons/Introns"":{""intron"":{""default"":null,""class"":""ei"",""text"":""Intron sequence"",""label"":""#aaaaaa""},""exon1"":{""default"":null,""class"":""e1"",""text"":""Translated sequence"",""label"":""#1044ee""},""utr"":{""class"":""eu"",""default"":null,""label"":""#cd6839"",""text"":""UTR""},""flanking"":{""text"":""Flanking sequence"",""label"":""#008000"",""default"":null,""class"":""ef""}},""_messages"":[]},""seq"":[{""style"":[1]},-1,{""style"":[1,-32,0]}],""flourishes"":{},""ref"":{""style"":[[0,""""],[0,""color:#1044ee""]]}}}                GGGTGTTCCTGGCGCGCTATGGGCCCGCGTGGCGCGAGCAGAGGCGCTTCTCCGTGTCCACCTTGCGCAACTTGGGCCTGGGCAAGAAGTCGCTGGAGCAGTGGGTGACCGAGGAGGCCGCCTGCCTTTGTGCCGCCTTCGCCAACCACTCCG                                           "
" ","Intron 3-4","42,129,032","42,128,945","","","88","                              {""url"":""/Homo_sapiens/Component/Transcript/Exons/exons?db=core;g=ENSG00000100197;r=22:42126499-42130881;t=ENST00000645361;time=1707232550199.199;adorn=only"",""provisional"":{""legend"":{""exons/Introns"":{""intron"":{""label"":""#aaaaaa"",""text"":""Intron sequence"",""class"":""ei"",""default"":null},""exon1"":{""default"":null,""class"":""e1"",""text"":""Translated sequence"",""label"":""#1044ee""},""utr"":{""default"":null,""class"":""eu"",""label"":""#cd6839"",""text"":""UTR""},""flanking"":{""text"":""Flanking sequence"",""label"":""#008000"",""class"":""ef"",""default"":null}},""_messages"":[]},""seq"":[{""style"":[1]}],""expect"":[],""ref"":{""style"":[[0,""""],[0,""color:#aaaaaa""]]},""flourishes"":{}}}                gtgggtgatgggcagaagggcacaa..........ccttacccgcatctcccacccccag                "
"4","ENSE00003634695","42,128,944","42,128,784","1","0","161","                              {""url"":""/Homo_sapiens/Component/Transcript/Exons/exons?db=core;g=ENSG00000100197;r=22:42126499-42130881;t=ENST00000645361;time=1707232550199.199;adorn=only"",""provisional"":{""seq"":[{""style"":[1]},-1,{""style"":[1,-40,0]}],""legend"":{""exons/Introns"":{""intron"":{""default"":null,""class"":""ei"",""label"":""#aaaaaa"",""text"":""Intron sequence""},""exon1"":{""default"":null,""class"":""e1"",""label"":""#1044ee"",""text"":""Translated sequence""},""utr"":{""class"":""eu"",""default"":null,""label"":""#cd6839"",""text"":""UTR""},""flanking"":{""label"":""#008000"",""text"":""Flanking sequence"",""default"":null,""class"":""ef""}},""_messages"":[]},""expect"":[],""ref"":{""style"":[[0,""""],[0,""color:#1044ee""]]},""flourishes"":{}}}                GACGCCCCTTTCGCCCCAACGGTCTCTTGGACAAAGCCGTGAGCAACGTGATCGCCTCCCTCACCTGCGGGCGCCGCTTCGAGTACGACGACCCTCGCTTCCTCAGGCTGCTGGACCTAGCTCAGGAGGGACTGAAGGAGGAGTCGGGCTTTCTGCGCGAG                                   "
" ","Intron 4-5","42,128,783","42,128,351","","","433","                              {""url"":""/Homo_sapiens/Component/Transcript/Exons/exons?db=core;g=ENSG00000100197;r=22:42126499-42130881;t=ENST00000645361;time=1707232550199.199;adorn=only"",""provisional"":{""seq"":[{""style"":[1]}],""legend"":{""exons/Introns"":{""intron"":{""label"":""#aaaaaa"",""text"":""Intron sequence"",""default"":null,""class"":""ei""},""exon1"":{""label"":""#1044ee"",""text"":""Translated sequence"",""default"":null,""class"":""e1""},""utr"":{""text"":""UTR"",""label"":""#cd6839"",""class"":""eu"",""default"":null},""flanking"":{""text"":""Flanking sequence"",""label"":""#008000"",""class"":""ef"",""default"":null}},""_messages"":[]},""expect"":[],""ref"":{""style"":[[0,""""],[0,""color:#aaaaaa""]]},""flourishes"":{}}}                gtgcggagcgagagaccgaggagtc..........tgagaccccgttctgtctggtgtag                "
"5","ENSE00003646059","42,128,350","42,128,174","0","0","177","                              {""provisional"":{""flourishes"":{},""ref"":{""style"":[[0,""""],[0,""color:#1044ee""]]},""expect"":[],""legend"":{""exons/Introns"":{""intron"":{""label"":""#aaaaaa"",""text"":""Intron sequence"",""class"":""ei"",""default"":null},""exon1"":{""default"":null,""class"":""e1"",""text"":""Translated sequence"",""label"":""#1044ee""},""utr"":{""default"":null,""class"":""eu"",""label"":""#cd6839"",""text"":""UTR""},""flanking"":{""text"":""Flanking sequence"",""label"":""#008000"",""class"":""ef"",""default"":null}},""_messages"":[]},""seq"":[{""style"":[1]},-1,{""style"":[1,-56,0]}]},""url"":""/Homo_sapiens/Component/Transcript/Exons/exons?db=core;g=ENSG00000100197;r=22:42126499-42130881;t=ENST00000645361;time=1707232550199.199;adorn=only""}                GTGCTGAATGCTGTCCCCGTCCTCCTGCATATCCCAGCGCTGGCTGGCAAGGTCCTACGCTTCCAAAAGGCTTTCCTGACCCAGCTGGATGAGCTGCTAACTGAGCACAGGATGACCTGGGACCCAGCCCAGCCCCCCCGAGACCTGACTGAGGCCTTCCTGGCAGAGATGGAGAAG                   "
" ","Intron 5-6","42,128,173","42,127,984","","","190","                              {""url"":""/Homo_sapiens/Component/Transcript/Exons/exons?db=core;g=ENSG00000100197;r=22:42126499-42130881;t=ENST00000645361;time=1707232550199.199;adorn=only"",""provisional"":{""flourishes"":{},""ref"":{""style"":[[0,""""],[0,""color:#aaaaaa""]]},""expect"":[],""legend"":{""exons/Introns"":{""intron"":{""text"":""Intron sequence"",""label"":""#aaaaaa"",""class"":""ei"",""default"":null},""exon1"":{""label"":""#1044ee"",""text"":""Translated sequence"",""class"":""e1"",""default"":null},""utr"":{""label"":""#cd6839"",""text"":""UTR"",""default"":null,""class"":""eu""},""flanking"":{""text"":""Flanking sequence"",""label"":""#008000"",""default"":null,""class"":""ef""}},""_messages"":[]},""seq"":[{""style"":[1]}]}}                gtgagagtggctgccacggtggggg..........cgagtatgctctcggccctgctcag                "
"6","ENSE00003547475","42,127,983","42,127,842","0","1","142","                              {""provisional"":{""flourishes"":{},""ref"":{""style"":[[0,""""],[0,""color:#1044ee""]]},""expect"":[],""seq"":[{""style"":[1]},-1,{""style"":[1,-21,0]}],""legend"":{""exons/Introns"":{""intron"":{""label"":""#aaaaaa"",""text"":""Intron sequence"",""class"":""ei"",""default"":null},""exon1"":{""default"":null,""class"":""e1"",""text"":""Translated sequence"",""label"":""#1044ee""},""utr"":{""text"":""UTR"",""label"":""#cd6839"",""default"":null,""class"":""eu""},""flanking"":{""class"":""ef"",""default"":null,""label"":""#008000"",""text"":""Flanking sequence""}},""_messages"":[]}},""url"":""/Homo_sapiens/Component/Transcript/Exons/exons?db=core;g=ENSG00000100197;r=22:42126499-42130881;t=ENST00000645361;time=1707232550199.199;adorn=only""}                GCCAAGGGGAACCCTGAGAGCAGCTTCAATGATGAGAACCTGCGCATAGTGGTGGCTGACCTGTTCTCTGCCGGGATGGTGACCACCTCGACCACGCTGGCCTGGGGCCTCCTGCTCATGATCCTACATCCGGATGTGCAGC                                                      "
" ","Intron 6-7","42,127,841","42,127,635","","","207","                              {""url"":""/Homo_sapiens/Component/Transcript/Exons/exons?db=core;g=ENSG00000100197;r=22:42126499-42130881;t=ENST00000645361;time=1707232550199.199;adorn=only"",""provisional"":{""expect"":[],""legend"":{""exons/Introns"":{""intron"":{""default"":null,""class"":""ei"",""text"":""Intron sequence"",""label"":""#aaaaaa""},""exon1"":{""class"":""e1"",""default"":null,""label"":""#1044ee"",""text"":""Translated sequence""},""utr"":{""default"":null,""class"":""eu"",""text"":""UTR"",""label"":""#cd6839""},""flanking"":{""text"":""Flanking sequence"",""label"":""#008000"",""class"":""ef"",""default"":null}},""_messages"":[]},""seq"":[{""style"":[1]}],""flourishes"":{},""ref"":{""style"":[[0,""""],[0,""color:#aaaaaa""]]}}}                gtgagcccatctgggaaacagtgca..........attgtggggacgcatgtctgtccag                "
"7","ENSE00003620241","42,127,634","42,127,447","1","0","188","                              {""provisional"":{""legend"":{""exons/Introns"":{""intron"":{""label"":""#aaaaaa"",""text"":""Intron sequence"",""default"":null,""class"":""ei""},""exon1"":{""label"":""#1044ee"",""text"":""Translated sequence"",""default"":null,""class"":""e1""},""utr"":{""label"":""#cd6839"",""text"":""UTR"",""default"":null,""class"":""eu""},""flanking"":{""label"":""#008000"",""text"":""Flanking sequence"",""default"":null,""class"":""ef""}},""_messages"":[]},""seq"":[{""style"":[1]},-2,{""style"":[1,-7,0]}],""expect"":[],""ref"":{""style"":[[0,""""],[0,""color:#1044ee""]]},""flourishes"":{}},""url"":""/Homo_sapiens/Component/Transcript/Exons/exons?db=core;g=ENSG00000100197;r=22:42126499-42130881;t=ENST00000645361;time=1707232550199.199;adorn=only""}                GCCGTGTCCAACAGGAGATCGACGACGTGATAGGGCAGGTGCGGCGACCAGAGATGGGTGACCAGGCTCACATGCCCTACACCACTGCCGTGATTCATGAGGTGCAGCGCTTTGGGGACATCGTCCCCCTGGGTGTGACCCATATGACATCCCGTGACATCGAAGTACAGGGCTTCCGCATCCCTAAG                                                                    "
" ","Intron 7-8","42,127,446","42,126,993","","","454","                              {""url"":""/Homo_sapiens/Component/Transcript/Exons/exons?db=core;g=ENSG00000100197;r=22:42126499-42130881;t=ENST00000645361;time=1707232550199.199;adorn=only"",""provisional"":{""legend"":{""exons/Introns"":{""intron"":{""class"":""ei"",""default"":null,""label"":""#aaaaaa"",""text"":""Intron sequence""},""exon1"":{""default"":null,""class"":""e1"",""text"":""Translated sequence"",""label"":""#1044ee""},""utr"":{""default"":null,""class"":""eu"",""text"":""UTR"",""label"":""#cd6839""},""flanking"":{""label"":""#008000"",""text"":""Flanking sequence"",""class"":""ef"",""default"":null}},""_messages"":[]},""seq"":[{""style"":[1]}],""expect"":[],""ref"":{""style"":[[0,""""],[0,""color:#aaaaaa""]]},""flourishes"":{}}}                gtaggcctggcgccctcctcacccc..........ctctcaccctgcatctcctgcccag                "
"8","ENSE00003681032","42,126,992","42,126,851","0","1","142","                              {""provisional"":{""legend"":{""exons/Introns"":{""intron"":{""class"":""ei"",""default"":null,""label"":""#aaaaaa"",""text"":""Intron sequence""},""exon1"":{""class"":""e1"",""default"":null,""text"":""Translated sequence"",""label"":""#1044ee""},""utr"":{""class"":""eu"",""default"":null,""text"":""UTR"",""label"":""#cd6839""},""flanking"":{""class"":""ef"",""default"":null,""label"":""#008000"",""text"":""Flanking sequence""}},""_messages"":[]},""seq"":[{""style"":[1]},-1,{""style"":[1,-21,0]}],""expect"":[],""ref"":{""style"":[[0,""""],[0,""color:#1044ee""]]},""flourishes"":{}},""url"":""/Homo_sapiens/Component/Transcript/Exons/exons?db=core;g=ENSG00000100197;r=22:42126499-42130881;t=ENST00000645361;time=1707232550199.199;adorn=only""}                GGAACGACACTCATCACCAACCTGTCATCGGTGCTGAAGGATGAGGCCGTCTGGGAGAAGCCCTTCCGCTTCCACCCCGAACACTTCCTGGATGCCCAGGGCCACTTTGTGAAGCCGGAGGCCTTCCTGCCTTTCTCAGCAG                                                      "
" ","Intron 8-9","42,126,850","42,126,753","","","98","                              {""url"":""/Homo_sapiens/Component/Transcript/Exons/exons?db=core;g=ENSG00000100197;r=22:42126499-42130881;t=ENST00000645361;time=1707232550199.199;adorn=only"",""provisional"":{""ref"":{""style"":[[0,""""],[0,""color:#aaaaaa""]]},""flourishes"":{},""seq"":[{""style"":[1]}],""legend"":{""exons/Introns"":{""intron"":{""default"":null,""class"":""ei"",""label"":""#aaaaaa"",""text"":""Intron sequence""},""exon1"":{""label"":""#1044ee"",""text"":""Translated sequence"",""default"":null,""class"":""e1""},""utr"":{""text"":""UTR"",""label"":""#cd6839"",""default"":null,""class"":""eu""},""flanking"":{""label"":""#008000"",""text"":""Flanking sequence"",""class"":""ef"",""default"":null}},""_messages"":[]},""expect"":[]}}                gtgcctgtggggagcccggctccct..........actgacgcccctcccctccccacag                "
"9","ENSE00003678781","42,126,752","42,126,499","1","-","254","                              {""url"":""/Homo_sapiens/Component/Transcript/Exons/exons?db=core;g=ENSG00000100197;r=22:42126499-42130881;t=ENST00000645361;time=1707232550199.199;adorn=only"",""provisional"":{""legend"":{""exons/Introns"":{""intron"":{""label"":""#aaaaaa"",""text"":""Intron sequence"",""default"":null,""class"":""ei""},""exon1"":{""label"":""#1044ee"",""text"":""Translated sequence"",""class"":""e1"",""default"":null},""utr"":{""class"":""eu"",""default"":null,""label"":""#cd6839"",""text"":""UTR""},""flanking"":{""text"":""Flanking sequence"",""label"":""#008000"",""default"":null,""class"":""ef""}},""_messages"":[]},""seq"":[{""style"":[1]},-1,{""style"":[1,-58,2]},{""style"":[2]},{""style"":[2,-13,0]}],""expect"":[],""ref"":{""style"":[[0,""""],[0,""color:#1044ee""],[7,""cd6839""]]},""flourishes"":{}}}                GCCGCCGTGCATGCCTCGGGGAGCCCCTGGCCCGCATGGAGCTCTTCCTCTTCTTCACCTCCCTGCTGCAGCACTTCAGCTTCTCGGTGCCCACTGGACAGCCCCGGCCCAGCCACCATGGTGTCTTTGCTTTCCTGGTGAGCCCATCCCCCTATGAGCTTTGTGCTGTGCCCCGCTAGAATGGGGTACCTAGTCCCCAGCCTGCTCCCTAGCCAGAGGCTCTAATGTACAATAAAGCAATGTGGTAGTTCCAA                                                              "
"","3' downstream sequence","","","","","","                              {""provisional"":{""flourishes"":{},""ref"":{""style"":[[0,""""],[0,""color:#008000""]]},""expect"":[],""seq"":[{""style"":[1]}],""legend"":{""exons/Introns"":{""intron"":{""label"":""#aaaaaa"",""text"":""Intron sequence"",""class"":""ei"",""default"":null},""exon1"":{""default"":null,""class"":""e1"",""label"":""#1044ee"",""text"":""Translated sequence""},""utr"":{""label"":""#cd6839"",""text"":""UTR"",""default"":null,""class"":""eu""},""flanking"":{""class"":""ef"",""default"":null,""text"":""Flanking sequence"",""label"":""#008000""}},""_messages"":[]}},""url"":""/Homo_sapiens/Component/Transcript/Exons/exons?db=core;g=ENSG00000100197;r=22:42126499-42130881;t=ENST00000645361;time=1707232550199.199;adorn=only""}                ctcgggtcccctgctcacgccctcgttgggatcatcctcctcagggcaac..........                "
