"No.","Exon / Intron","Start","End","Start Phase","End Phase","Length","Sequence"
"","5' upstream sequence","","","","","","                              {""provisional"":{""flourishes"":{},""ref"":{""style"":[[0,""""],[0,""color:#008000""]]},""expect"":[],""seq"":[{""style"":[1]}],""legend"":{""_messages"":[],""exons/Introns"":{""flanking"":{""default"":null,""class"":""ef"",""text"":""Flanking sequence"",""label"":""#008000""}}}},""url"":""/Homo_sapiens/Component/Transcript/Exons/exons?db=core;g=ENSG00000138115;r=10:95036772-95069497;t=ENST00000371270;time=1707232461350.35;adorn=only""}                ..........agtccactcagaaaaaaagtataaattggatctaggtgattgtttacttt                "
"1","ENSE00002186511","95,069,497","95,069,235","-","0","263","                              {""url"":""/Homo_sapiens/Component/Transcript/Exons/exons?db=core;g=ENSG00000138115;r=10:95036772-95069497;t=ENST00000371270;time=1707232461350.35;adorn=only"",""provisional"":{""ref"":{""style"":[[0,""""],[0,""color:#1044ee""],[7,""cd6839""]]},""flourishes"":{},""legend"":{""_messages"":[],""exons/Introns"":{""utr"":{""label"":""#cd6839"",""text"":""UTR"",""class"":""eu"",""default"":null},""exon1"":{""label"":""#1044ee"",""text"":""Translated sequence"",""default"":null,""class"":""e1""},""flanking"":{""text"":""Flanking sequence"",""label"":""#008000"",""class"":""ef"",""default"":null}}},""seq"":[{""style"":[2]},{""style"":[2,-34,1]},{""style"":[1]},-1,{""style"":[1,-22,0]}],""expect"":[]}}                ACATGTCAAAGAGACACACACTAAATTAGCAGGGAGTGTTATAAAAACTTTGGAGTGCAAGCTCACAGCTGTCTTAATAAGAAGAGAAGGCTTCAATGGAACCTTTTGTGGTCCTGGTGCTGTGTCTCTCTTTTATGCTTCTCTTTTCACTCTGGAGACAGAGCTGTAGGAGAAGGAAGCTCCCTCCTGGCCCCACTCCTCTTCCTATTATTGGAAATATGCTACAGATAGATGTTAAGGACATCTGCAAATCTTTCACCAAT                                                     "
" ","Intron 1-2","95,069,234","95,067,692","","","1,543","                              {""url"":""/Homo_sapiens/Component/Transcript/Exons/exons?db=core;g=ENSG00000138115;r=10:95036772-95069497;t=ENST00000371270;time=1707232461350.35;adorn=only"",""provisional"":{""ref"":{""style"":[[0,""""],[0,""color:#aaaaaa""]]},""flourishes"":{},""legend"":{""_messages"":[],""exons/Introns"":{""intron"":{""label"":""#aaaaaa"",""text"":""Intron sequence"",""default"":null,""class"":""ei""},""exon1"":{""class"":""e1"",""default"":null,""text"":""Translated sequence"",""label"":""#1044ee""},""utr"":{""label"":""#cd6839"",""text"":""UTR"",""default"":null,""class"":""eu""},""flanking"":{""default"":null,""class"":""ef"",""label"":""#008000"",""text"":""Flanking sequence""}}},""seq"":[{""style"":[1]}],""expect"":[]}}                gtaagtctgccttatgttcctccag..........ctgctatttgcatttcctttcccag                "
"2","ENSE00003649095","95,067,691","95,067,529","0","1","163","                              {""url"":""/Homo_sapiens/Component/Transcript/Exons/exons?db=core;g=ENSG00000138115;r=10:95036772-95069497;t=ENST00000371270;time=1707232461350.35;adorn=only"",""provisional"":{""flourishes"":{},""ref"":{""style"":[[0,""""],[0,""color:#1044ee""]]},""expect"":[],""legend"":{""_messages"":[],""exons/Introns"":{""intron"":{""default"":null,""class"":""ei"",""label"":""#aaaaaa"",""text"":""Intron sequence""},""exon1"":{""label"":""#1044ee"",""text"":""Translated sequence"",""default"":null,""class"":""e1""},""utr"":{""text"":""UTR"",""label"":""#cd6839"",""class"":""eu"",""default"":null},""flanking"":{""text"":""Flanking sequence"",""label"":""#008000"",""default"":null,""class"":""ef""}}},""seq"":[{""style"":[1]},-1,{""style"":[1,-42,0]}]}}                TTCTCAAAAGTCTATGGTCCTGTGTTCACCGTGTATTTTGGCATGAATCCCATAGTGGTGTTTCATGGATATGAGGCAGTGAAGGAAGCCCTGATTGATAATGGAGAGGAGTTTTCTGGAAGAGGCAATTCCCCAATATCTCAAAGAATTACTAAAGGACTTG                                 "
" ","Intron 2-3","95,067,528","95,067,358","","","171","                              {""url"":""/Homo_sapiens/Component/Transcript/Exons/exons?db=core;g=ENSG00000138115;r=10:95036772-95069497;t=ENST00000371270;time=1707232461350.35;adorn=only"",""provisional"":{""expect"":[],""seq"":[{""style"":[1]}],""legend"":{""_messages"":[],""exons/Introns"":{""intron"":{""text"":""Intron sequence"",""label"":""#aaaaaa"",""default"":null,""class"":""ei""},""exon1"":{""class"":""e1"",""default"":null,""text"":""Translated sequence"",""label"":""#1044ee""},""utr"":{""text"":""UTR"",""label"":""#cd6839"",""default"":null,""class"":""eu""},""flanking"":{""default"":null,""class"":""ef"",""text"":""Flanking sequence"",""label"":""#008000""}}},""flourishes"":{},""ref"":{""style"":[[0,""""],[0,""color:#aaaaaa""]]}}}                gtaggtgcacatatttctgtgtcag..........cagtttctgcccctttttttattag                "
"3","ENSE00003588097","95,067,357","95,067,208","1","1","150","                              {""provisional"":{""flourishes"":{},""ref"":{""style"":[[0,""""],[0,""color:#1044ee""]]},""expect"":[],""seq"":[{""style"":[1]},-1,{""style"":[1,-29,0]}],""legend"":{""_messages"":[],""exons/Introns"":{""intron"":{""default"":null,""class"":""ei"",""text"":""Intron sequence"",""label"":""#aaaaaa""},""exon1"":{""default"":null,""class"":""e1"",""label"":""#1044ee"",""text"":""Translated sequence""},""utr"":{""text"":""UTR"",""label"":""#cd6839"",""default"":null,""class"":""eu""},""flanking"":{""default"":null,""class"":""ef"",""text"":""Flanking sequence"",""label"":""#008000""}}}},""url"":""/Homo_sapiens/Component/Transcript/Exons/exons?db=core;g=ENSG00000138115;r=10:95036772-95069497;t=ENST00000371270;time=1707232461350.35;adorn=only""}                GAATCATTTCCAGCAATGGAAAGAGATGGAAGGAGATCCGGCGTTTCTCCCTCACAACCTTGCGGAATTTTGGGATGGGGAAGAGGAGCATTGAGGACCGTGTTCAAGAGGAAGCTCACTGCCTTGTGGAGGAGTTGAGAAAAACCAAGG                                              "
" ","Intron 3-4","95,067,207","95,064,961","","","2,247","                              {""url"":""/Homo_sapiens/Component/Transcript/Exons/exons?db=core;g=ENSG00000138115;r=10:95036772-95069497;t=ENST00000371270;time=1707232461350.35;adorn=only"",""provisional"":{""seq"":[{""style"":[1]}],""legend"":{""_messages"":[],""exons/Introns"":{""intron"":{""label"":""#aaaaaa"",""text"":""Intron sequence"",""class"":""ei"",""default"":null},""exon1"":{""label"":""#1044ee"",""text"":""Translated sequence"",""class"":""e1"",""default"":null},""utr"":{""default"":null,""class"":""eu"",""label"":""#cd6839"",""text"":""UTR""},""flanking"":{""class"":""ef"",""default"":null,""label"":""#008000"",""text"":""Flanking sequence""}}},""expect"":[],""ref"":{""style"":[[0,""""],[0,""color:#aaaaaa""]]},""flourishes"":{}}}                gtgggtgactctactctgcgtcatt..........tttttaaaaatttttaaatctttag                "
"4","ENSE00003584515","95,064,960","95,064,800","1","0","161","                              {""url"":""/Homo_sapiens/Component/Transcript/Exons/exons?db=core;g=ENSG00000138115;r=10:95036772-95069497;t=ENST00000371270;time=1707232461350.35;adorn=only"",""provisional"":{""ref"":{""style"":[[0,""""],[0,""color:#1044ee""]]},""flourishes"":{},""seq"":[{""style"":[1]},-1,{""style"":[1,-40,0]}],""legend"":{""_messages"":[],""exons/Introns"":{""intron"":{""default"":null,""class"":""ei"",""label"":""#aaaaaa"",""text"":""Intron sequence""},""exon1"":{""class"":""e1"",""default"":null,""label"":""#1044ee"",""text"":""Translated sequence""},""utr"":{""text"":""UTR"",""label"":""#cd6839"",""default"":null,""class"":""eu""},""flanking"":{""class"":""ef"",""default"":null,""label"":""#008000"",""text"":""Flanking sequence""}}},""expect"":[]}}                CTTCACCCTGTGATCCCACTTTCATCCTGGGCTGTGCTCCCTGCAATGTGATCTGCTCCGTTGTTTTCCAGAAACGATTTGATTATAAAGATCAGAATTTTCTCACCCTGATGAAAAGATTCAATGAAAACTTCAGGATTCTGAACTCCCCATGGATCCAG                                   "
" ","Intron 4-5","95,064,799","95,058,512","","","6,288","                              {""url"":""/Homo_sapiens/Component/Transcript/Exons/exons?db=core;g=ENSG00000138115;r=10:95036772-95069497;t=ENST00000371270;time=1707232461350.35;adorn=only"",""provisional"":{""seq"":[{""style"":[1]}],""legend"":{""_messages"":[],""exons/Introns"":{""intron"":{""text"":""Intron sequence"",""label"":""#aaaaaa"",""class"":""ei"",""default"":null},""exon1"":{""default"":null,""class"":""e1"",""label"":""#1044ee"",""text"":""Translated sequence""},""utr"":{""class"":""eu"",""default"":null,""text"":""UTR"",""label"":""#cd6839""},""flanking"":{""default"":null,""class"":""ef"",""text"":""Flanking sequence"",""label"":""#008000""}}},""expect"":[],""ref"":{""style"":[[0,""""],[0,""color:#aaaaaa""]]},""flourishes"":{}}}                gtaaggccaagattttattttcctt..........tatttaatattcttttctcttttag                "
"5","ENSE00003583382","95,058,511","95,058,335","0","0","177","                              {""url"":""/Homo_sapiens/Component/Transcript/Exons/exons?db=core;g=ENSG00000138115;r=10:95036772-95069497;t=ENST00000371270;time=1707232461350.35;adorn=only"",""provisional"":{""expect"":[],""legend"":{""_messages"":[],""exons/Introns"":{""intron"":{""label"":""#aaaaaa"",""text"":""Intron sequence"",""class"":""ei"",""default"":null},""exon1"":{""label"":""#1044ee"",""text"":""Translated sequence"",""class"":""e1"",""default"":null},""utr"":{""label"":""#cd6839"",""text"":""UTR"",""class"":""eu"",""default"":null},""flanking"":{""class"":""ef"",""default"":null,""label"":""#008000"",""text"":""Flanking sequence""}}},""seq"":[{""style"":[1]},-1,{""style"":[1,-56,0]}],""flourishes"":{},""ref"":{""style"":[[0,""""],[0,""color:#1044ee""]]}}}                GTCTGCAATAATTTCCCTCTACTCATTGATTGTTTCCCAGGAACTCACAACAAAGTGCTTAAAAATGTTGCTCTTACACGAAGTTACATTAGGGAGAAAGTAAAAGAACACCAAGCATCACTGGATGTTAACAATCCTCGGGACTTTATCGATTGCTTCCTGATCAAAATGGAGCAG                   "
" ","Intron 5-6","95,058,334","95,045,952","","","12,383","                              {""url"":""/Homo_sapiens/Component/Transcript/Exons/exons?db=core;g=ENSG00000138115;r=10:95036772-95069497;t=ENST00000371270;time=1707232461350.35;adorn=only"",""provisional"":{""flourishes"":{},""ref"":{""style"":[[0,""""],[0,""color:#aaaaaa""]]},""expect"":[],""seq"":[{""style"":[1]}],""legend"":{""_messages"":[],""exons/Introns"":{""intron"":{""class"":""ei"",""default"":null,""label"":""#aaaaaa"",""text"":""Intron sequence""},""exon1"":{""text"":""Translated sequence"",""label"":""#1044ee"",""class"":""e1"",""default"":null},""utr"":{""default"":null,""class"":""eu"",""text"":""UTR"",""label"":""#cd6839""},""flanking"":{""default"":null,""class"":""ef"",""text"":""Flanking sequence"",""label"":""#008000""}}}}}                gtaagatattagcaacagatcagta..........gataattgcatgaaatcacttctag                "
"6","ENSE00003619515","95,045,951","95,045,810","0","1","142","                              {""provisional"":{""flourishes"":{},""ref"":{""style"":[[0,""""],[0,""color:#1044ee""]]},""expect"":[],""legend"":{""_messages"":[],""exons/Introns"":{""intron"":{""label"":""#aaaaaa"",""text"":""Intron sequence"",""default"":null,""class"":""ei""},""exon1"":{""text"":""Translated sequence"",""label"":""#1044ee"",""class"":""e1"",""default"":null},""utr"":{""default"":null,""class"":""eu"",""text"":""UTR"",""label"":""#cd6839""},""flanking"":{""class"":""ef"",""default"":null,""label"":""#008000"",""text"":""Flanking sequence""}}},""seq"":[{""style"":[1]},-1,{""style"":[1,-21,0]}]},""url"":""/Homo_sapiens/Component/Transcript/Exons/exons?db=core;g=ENSG00000138115;r=10:95036772-95069497;t=ENST00000371270;time=1707232461350.35;adorn=only""}                GAAAAGGACAACCAAAAGTCAGAATTCAATATTGAAAACTTGGTTGGCACTGTAGCTGATCTATTTGTTGCTGGAACAGAGACAACAAGCACCACTCTGAGATATGGACTCCTGCTCCTGCTGAAGCACCCAGAGGTCACAG                                                      "
" ","Intron 6-7","95,045,809","95,043,078","","","2,732","                              {""provisional"":{""flourishes"":{},""ref"":{""style"":[[0,""""],[0,""color:#aaaaaa""]]},""expect"":[],""legend"":{""_messages"":[],""exons/Introns"":{""intron"":{""class"":""ei"",""default"":null,""text"":""Intron sequence"",""label"":""#aaaaaa""},""exon1"":{""text"":""Translated sequence"",""label"":""#1044ee"",""class"":""e1"",""default"":null},""utr"":{""class"":""eu"",""default"":null,""text"":""UTR"",""label"":""#cd6839""},""flanking"":{""label"":""#008000"",""text"":""Flanking sequence"",""default"":null,""class"":""ef""}}},""seq"":[{""style"":[1]}]},""url"":""/Homo_sapiens/Component/Transcript/Exons/exons?db=core;g=ENSG00000138115;r=10:95036772-95069497;t=ENST00000371270;time=1707232461350.35;adorn=only""}                gtaggaccacagatgatgaacaaag..........tcagttctttcttgtgtcttgtcag                "
"7","ENSE00003677965","95,043,077","95,042,890","1","0","188","                              {""provisional"":{""seq"":[{""style"":[1]},-2,{""style"":[1,-7,0]}],""legend"":{""_messages"":[],""exons/Introns"":{""intron"":{""default"":null,""class"":""ei"",""text"":""Intron sequence"",""label"":""#aaaaaa""},""exon1"":{""text"":""Translated sequence"",""label"":""#1044ee"",""class"":""e1"",""default"":null},""utr"":{""label"":""#cd6839"",""text"":""UTR"",""class"":""eu"",""default"":null},""flanking"":{""text"":""Flanking sequence"",""label"":""#008000"",""class"":""ef"",""default"":null}}},""expect"":[],""ref"":{""style"":[[0,""""],[0,""color:#1044ee""]]},""flourishes"":{}},""url"":""/Homo_sapiens/Component/Transcript/Exons/exons?db=core;g=ENSG00000138115;r=10:95036772-95069497;t=ENST00000371270;time=1707232461350.35;adorn=only""}                CTAAAGTCCAGGAAGAGATTGATCATGTAATTGGCAGACACAGGAGCCCCTGCATGCAGGATAGGAGCCACATGCCTTACACTGATGCTGTAGTGCACGAGATCCAGAGATACAGTGACCTTGTCCCCACCGGTGTGCCCCATGCAGTGACCACTGATACTAAGTTCAGAAACTACCTCATCCCCAAG                                                                    "
" ","Intron 7-8","95,042,889","95,039,039","","","3,851","                              {""url"":""/Homo_sapiens/Component/Transcript/Exons/exons?db=core;g=ENSG00000138115;r=10:95036772-95069497;t=ENST00000371270;time=1707232461350.35;adorn=only"",""provisional"":{""ref"":{""style"":[[0,""""],[0,""color:#aaaaaa""]]},""flourishes"":{},""legend"":{""_messages"":[],""exons/Introns"":{""intron"":{""class"":""ei"",""default"":null,""label"":""#aaaaaa"",""text"":""Intron sequence""},""exon1"":{""text"":""Translated sequence"",""label"":""#1044ee"",""default"":null,""class"":""e1""},""utr"":{""default"":null,""class"":""eu"",""label"":""#cd6839"",""text"":""UTR""},""flanking"":{""default"":null,""class"":""ef"",""text"":""Flanking sequence"",""label"":""#008000""}}},""seq"":[{""style"":[1]}],""expect"":[]}}                gtaagcttgtttctcttacactata..........agattatctgttttgttacttccag                "
"8","ENSE00003466092","95,039,038","95,038,897","0","1","142","                              {""provisional"":{""legend"":{""_messages"":[],""exons/Introns"":{""intron"":{""label"":""#aaaaaa"",""text"":""Intron sequence"",""default"":null,""class"":""ei""},""exon1"":{""label"":""#1044ee"",""text"":""Translated sequence"",""class"":""e1"",""default"":null},""utr"":{""text"":""UTR"",""label"":""#cd6839"",""default"":null,""class"":""eu""},""flanking"":{""text"":""Flanking sequence"",""label"":""#008000"",""class"":""ef"",""default"":null}}},""seq"":[{""style"":[1]},-1,{""style"":[1,-21,0]}],""expect"":[],""ref"":{""style"":[[0,""""],[0,""color:#1044ee""]]},""flourishes"":{}},""url"":""/Homo_sapiens/Component/Transcript/Exons/exons?db=core;g=ENSG00000138115;r=10:95036772-95069497;t=ENST00000371270;time=1707232461350.35;adorn=only""}                GGCACAACCATAATGGCATTACTGACTTCCGTGCTACATGATGACAAAGAATTTCCTAATCCAAATATCTTTGACCCTGGCCACTTTCTAGATAAGAATGGCAACTTTAAGAAAAGTGACTACTTCATGCCTTTCTCAGCAG                                                      "
" ","Intron 8-9","95,038,896","95,037,310","","","1,587","                              {""url"":""/Homo_sapiens/Component/Transcript/Exons/exons?db=core;g=ENSG00000138115;r=10:95036772-95069497;t=ENST00000371270;time=1707232461350.35;adorn=only"",""provisional"":{""flourishes"":{},""ref"":{""style"":[[0,""""],[0,""color:#aaaaaa""]]},""expect"":[],""seq"":[{""style"":[1]}],""legend"":{""_messages"":[],""exons/Introns"":{""intron"":{""class"":""ei"",""default"":null,""label"":""#aaaaaa"",""text"":""Intron sequence""},""exon1"":{""class"":""e1"",""default"":null,""text"":""Translated sequence"",""label"":""#1044ee""},""utr"":{""label"":""#cd6839"",""text"":""UTR"",""default"":null,""class"":""eu""},""flanking"":{""default"":null,""class"":""ef"",""label"":""#008000"",""text"":""Flanking sequence""}}}}}                gtaatagaaactcgtttccatttgt..........tacttcctttctttgttatcttcag                "
"9","ENSE00003593839","95,037,309","95,036,772","1","-","538","                              {""url"":""/Homo_sapiens/Component/Transcript/Exons/exons?db=core;g=ENSG00000138115;r=10:95036772-95069497;t=ENST00000371270;time=1707232461350.35;adorn=only"",""provisional"":{""ref"":{""style"":[[0,""""],[0,""color:#1044ee""],[7,""cd6839""]]},""flourishes"":{},""legend"":{""_messages"":[],""exons/Introns"":{""intron"":{""label"":""#aaaaaa"",""text"":""Intron sequence"",""class"":""ei"",""default"":null},""exon1"":{""class"":""e1"",""default"":null,""text"":""Translated sequence"",""label"":""#1044ee""},""utr"":{""text"":""UTR"",""label"":""#cd6839"",""default"":null,""class"":""eu""},""flanking"":{""default"":null,""class"":""ef"",""label"":""#008000"",""text"":""Flanking sequence""}}},""seq"":[{""style"":[1]},-2,{""style"":[1,-1,2]},{""style"":[2]},-3,{""style"":[2,-57,0]}],""expect"":[]}}                GAAAACGAATTTGTGCAGGAGAAGGACTTGCCCGCATGGAGCTATTTTTATTTCTAACCACAATTTTACAGAACTTTAACCTGAAATCTGTTGATGATTTAAAGAACCTCAATACTACTGCAGTTACCAAAGGGATTGTTTCTCTGCCACCCTCATACCAGATCTGCTTCATCCCTGTCTGAAGAATGCTAGCCCATCTGGCTGCCGATCTGCTATCACCTGCAACTCTTTTTTTATCAAGGACATTCCCACTATTATGTCTTCTCTGACCTCTCATCAAATCTTCCCATTCACTCAATATCCCATAAGCATCCAAACTCCATTAAGGAGAGTTGTTCAGGTCACTGCACAAATATATCTGCAATTATTCATACTCTGTAACACTTGTATTAATTGCTGCATATGCTAATACTTTTCTAATGCTGACTTTTTAATATGTTATCACTGTAAAACACAGAAAAGTGATTAATGAATGATAATTTAGATCCATTTCTTTTGTGAATGTGCTAAATAAAAAGTGTTATTAATTGCTGGTTCA                  "
"","3' downstream sequence","","","","","","                              {""provisional"":{""flourishes"":{},""ref"":{""style"":[[0,""""],[0,""color:#008000""]]},""expect"":[],""legend"":{""_messages"":[],""exons/Introns"":{""intron"":{""text"":""Intron sequence"",""label"":""#aaaaaa"",""class"":""ei"",""default"":null},""exon1"":{""text"":""Translated sequence"",""label"":""#1044ee"",""class"":""e1"",""default"":null},""utr"":{""class"":""eu"",""default"":null,""label"":""#cd6839"",""text"":""UTR""},""flanking"":{""text"":""Flanking sequence"",""label"":""#008000"",""default"":null,""class"":""ef""}}},""seq"":[{""style"":[1]}]},""url"":""/Homo_sapiens/Component/Transcript/Exons/exons?db=core;g=ENSG00000138115;r=10:95036772-95069497;t=ENST00000371270;time=1707232461350.35;adorn=only""}                gttctcagactttccctcttttgtgcataatgcaagaaataaagaaaaga..........                "
