"No.","Exon / Intron","Start","End","Start Phase","End Phase","Length","Sequence"
"","5' upstream sequence","","","","","","                              {""url"":""/Homo_sapiens/Component/Transcript/Exons/exons?db=core;g=ENSG00000138109;r=10:94938658-94990091;t=ENST00000260682;time=1707232506573.573;adorn=only"",""provisional"":{""ref"":{""style"":[[0,""""],[0,""color:#008000""]]},""flourishes"":{},""seq"":[{""style"":[1]}],""legend"":{""exons/Introns"":{""flanking"":{""text"":""Flanking sequence"",""label"":""#008000"",""default"":null,""class"":""ef""}},""_messages"":[]},""expect"":[]}}                ..........ccgaattagcatggagtgttataaaaggcttggagtgcaagctcatggtt                "
"1","ENSE00002700597","94,938,658","94,938,850","-","0","193","                              {""url"":""/Homo_sapiens/Component/Transcript/Exons/exons?db=core;g=ENSG00000138109;r=10:94938658-94990091;t=ENST00000260682;time=1707232506573.573;adorn=only"",""provisional"":{""ref"":{""style"":[[0,""""],[0,""color:#1044ee""],[7,""cd6839""]]},""flourishes"":{},""seq"":[{""style"":[2,-24,1]},{""style"":[1]},-1,{""style"":[1,-12,0]}],""legend"":{""exons/Introns"":{""utr"":{""default"":null,""class"":""eu"",""label"":""#cd6839"",""text"":""UTR""},""exon1"":{""default"":null,""class"":""e1"",""label"":""#1044ee"",""text"":""Translated sequence""},""flanking"":{""class"":""ef"",""default"":null,""label"":""#008000"",""text"":""Flanking sequence""}},""_messages"":[]},""expect"":[]}}                GTCTTAACAAGAAGAGAAGGCTTCAATGGATTCTCTTGTGGTCCTTGTGCTCTGTCTCTCATGTTTGCTTCTCCTTTCACTCTGGAGACAGAGCTCTGGGAGAGGAAAACTCCCTCCTGGCCCCACTCCTCTCCCAGTGATTGGAAATATCCTACAGATAGGTATTAAGGACATCAGCAAATCCTTAACCAAT                                                               "
" ","Intron 1-2","94,938,851","94,941,857","","","3,007","                              {""provisional"":{""expect"":[],""seq"":[{""style"":[1]}],""legend"":{""exons/Introns"":{""intron"":{""default"":null,""class"":""ei"",""text"":""Intron sequence"",""label"":""#aaaaaa""},""exon1"":{""text"":""Translated sequence"",""label"":""#1044ee"",""class"":""e1"",""default"":null},""utr"":{""label"":""#cd6839"",""text"":""UTR"",""default"":null,""class"":""eu""},""flanking"":{""label"":""#008000"",""text"":""Flanking sequence"",""class"":""ef"",""default"":null}},""_messages"":[]},""flourishes"":{},""ref"":{""style"":[[0,""""],[0,""color:#aaaaaa""]]}},""url"":""/Homo_sapiens/Component/Transcript/Exons/exons?db=core;g=ENSG00000138109;r=10:94938658-94990091;t=ENST00000260682;time=1707232506573.573;adorn=only""}                gtaagtatgctccttcagtggcttg..........ctgttatctctgtctactttcctag                "
"2","ENSE00003593739","94,941,858","94,942,020","0","1","163","                              {""url"":""/Homo_sapiens/Component/Transcript/Exons/exons?db=core;g=ENSG00000138109;r=10:94938658-94990091;t=ENST00000260682;time=1707232506573.573;adorn=only"",""provisional"":{""expect"":[],""seq"":[{""style"":[1]},-1,{""style"":[1,-42,0]}],""legend"":{""exons/Introns"":{""intron"":{""label"":""#aaaaaa"",""text"":""Intron sequence"",""class"":""ei"",""default"":null},""exon1"":{""label"":""#1044ee"",""text"":""Translated sequence"",""class"":""e1"",""default"":null},""utr"":{""default"":null,""class"":""eu"",""label"":""#cd6839"",""text"":""UTR""},""flanking"":{""text"":""Flanking sequence"",""label"":""#008000"",""class"":""ef"",""default"":null}},""_messages"":[]},""flourishes"":{},""ref"":{""style"":[[0,""""],[0,""color:#1044ee""]]}}}                CTCTCAAAGGTCTATGGCCCTGTGTTCACTCTGTATTTTGGCCTGAAACCCATAGTGGTGCTGCATGGATATGAAGCAGTGAAGGAAGCCCTGATTGATCTTGGAGAGGAGTTTTCTGGAAGAGGCATTTTCCCACTGGCTGAAAGAGCTAACAGAGGATTTG                                 "
" ","Intron 2-3","94,942,021","94,942,191","","","171","                              {""url"":""/Homo_sapiens/Component/Transcript/Exons/exons?db=core;g=ENSG00000138109;r=10:94938658-94990091;t=ENST00000260682;time=1707232506573.573;adorn=only"",""provisional"":{""expect"":[],""legend"":{""exons/Introns"":{""intron"":{""text"":""Intron sequence"",""label"":""#aaaaaa"",""default"":null,""class"":""ei""},""exon1"":{""class"":""e1"",""default"":null,""text"":""Translated sequence"",""label"":""#1044ee""},""utr"":{""class"":""eu"",""default"":null,""text"":""UTR"",""label"":""#cd6839""},""flanking"":{""text"":""Flanking sequence"",""label"":""#008000"",""class"":""ef"",""default"":null}},""_messages"":[]},""seq"":[{""style"":[1]}],""flourishes"":{},""ref"":{""style"":[[0,""""],[0,""color:#aaaaaa""]]}}}                gtaggtgtgcatgtgcctgtttcag..........ctagtttcgtttctcttcctgttag                "
"3","ENSE00003599164","94,942,192","94,942,341","1","1","150","                              {""url"":""/Homo_sapiens/Component/Transcript/Exons/exons?db=core;g=ENSG00000138109;r=10:94938658-94990091;t=ENST00000260682;time=1707232506573.573;adorn=only"",""provisional"":{""flourishes"":{},""ref"":{""style"":[[0,""""],[0,""color:#1044ee""]]},""expect"":[],""legend"":{""exons/Introns"":{""intron"":{""default"":null,""class"":""ei"",""label"":""#aaaaaa"",""text"":""Intron sequence""},""exon1"":{""label"":""#1044ee"",""text"":""Translated sequence"",""class"":""e1"",""default"":null},""utr"":{""default"":null,""class"":""eu"",""label"":""#cd6839"",""text"":""UTR""},""flanking"":{""text"":""Flanking sequence"",""label"":""#008000"",""class"":""ef"",""default"":null}},""_messages"":[]},""seq"":[{""style"":[1]},-1,{""style"":[1,-29,0]}]}}                GAATTGTTTTCAGCAATGGAAAGAAATGGAAGGAGATCCGGCGTTTCTCCCTCATGACGCTGCGGAATTTTGGGATGGGGAAGAGGAGCATTGAGGACCGTGTTCAAGAGGAAGCCCGCTGCCTTGTGGAGGAGTTGAGAAAAACCAAGG                                              "
" ","Intron 3-4","94,942,342","94,947,778","","","5,437","                              {""provisional"":{""expect"":[],""seq"":[{""style"":[1]}],""legend"":{""exons/Introns"":{""intron"":{""label"":""#aaaaaa"",""text"":""Intron sequence"",""default"":null,""class"":""ei""},""exon1"":{""text"":""Translated sequence"",""label"":""#1044ee"",""class"":""e1"",""default"":null},""utr"":{""class"":""eu"",""default"":null,""text"":""UTR"",""label"":""#cd6839""},""flanking"":{""default"":null,""class"":""ef"",""text"":""Flanking sequence"",""label"":""#008000""}},""_messages"":[]},""flourishes"":{},""ref"":{""style"":[[0,""""],[0,""color:#aaaaaa""]]}},""url"":""/Homo_sapiens/Component/Transcript/Exons/exons?db=core;g=ENSG00000138109;r=10:94938658-94990091;t=ENST00000260682;time=1707232506573.573;adorn=only""}                gtgggtgaccctactccatatcact..........ttttaaattgtttctaattatttag                "
"4","ENSE00003670754","94,947,779","94,947,939","1","0","161","                              {""provisional"":{""ref"":{""style"":[[0,""""],[0,""color:#1044ee""]]},""flourishes"":{},""seq"":[{""style"":[1]},-1,{""style"":[1,-40,0]}],""legend"":{""exons/Introns"":{""intron"":{""default"":null,""class"":""ei"",""label"":""#aaaaaa"",""text"":""Intron sequence""},""exon1"":{""class"":""e1"",""default"":null,""text"":""Translated sequence"",""label"":""#1044ee""},""utr"":{""default"":null,""class"":""eu"",""text"":""UTR"",""label"":""#cd6839""},""flanking"":{""text"":""Flanking sequence"",""label"":""#008000"",""default"":null,""class"":""ef""}},""_messages"":[]},""expect"":[]},""url"":""/Homo_sapiens/Component/Transcript/Exons/exons?db=core;g=ENSG00000138109;r=10:94938658-94990091;t=ENST00000260682;time=1707232506573.573;adorn=only""}                CCTCACCCTGTGATCCCACTTTCATCCTGGGCTGTGCTCCCTGCAATGTGATCTGCTCCATTATTTTCCATAAACGTTTTGATTATAAAGATCAGCAATTTCTTAACTTAATGGAAAAGTTGAATGAAAACATCAAGATTTTGAGCAGCCCCTGGATCCAG                                   "
" ","Intron 4-5","94,947,940","94,949,107","","","1,168","                              {""url"":""/Homo_sapiens/Component/Transcript/Exons/exons?db=core;g=ENSG00000138109;r=10:94938658-94990091;t=ENST00000260682;time=1707232506573.573;adorn=only"",""provisional"":{""flourishes"":{},""ref"":{""style"":[[0,""""],[0,""color:#aaaaaa""]]},""expect"":[],""legend"":{""exons/Introns"":{""intron"":{""text"":""Intron sequence"",""label"":""#aaaaaa"",""default"":null,""class"":""ei""},""exon1"":{""default"":null,""class"":""e1"",""text"":""Translated sequence"",""label"":""#1044ee""},""utr"":{""class"":""eu"",""default"":null,""label"":""#cd6839"",""text"":""UTR""},""flanking"":{""class"":""ef"",""default"":null,""text"":""Flanking sequence"",""label"":""#008000""}},""_messages"":[]},""seq"":[{""style"":[1]}]}}                gtaaggccaagatttttgcttcctg..........ttaataaattattgttttctcttag                "
"5","ENSE00002485068","94,949,108","94,949,284","0","0","177","                              {""provisional"":{""flourishes"":{},""ref"":{""style"":[[0,""""],[0,""color:#1044ee""]]},""expect"":[],""seq"":[{""style"":[1]},-1,{""style"":[1,-56,0]}],""legend"":{""exons/Introns"":{""intron"":{""class"":""ei"",""default"":null,""text"":""Intron sequence"",""label"":""#aaaaaa""},""exon1"":{""default"":null,""class"":""e1"",""text"":""Translated sequence"",""label"":""#1044ee""},""utr"":{""label"":""#cd6839"",""text"":""UTR"",""default"":null,""class"":""eu""},""flanking"":{""class"":""ef"",""default"":null,""label"":""#008000"",""text"":""Flanking sequence""}},""_messages"":[]}},""url"":""/Homo_sapiens/Component/Transcript/Exons/exons?db=core;g=ENSG00000138109;r=10:94938658-94990091;t=ENST00000260682;time=1707232506573.573;adorn=only""}                ATCTGCAATAATTTTTCTCCTATCATTGATTACTTCCCGGGAACTCACAACAAATTACTTAAAAACGTTGCTTTTATGAAAAGTTATATTTTGGAAAAAGTAAAAGAACACCAAGAATCAATGGACATGAACAACCCTCAGGACTTTATTGATTGCTTCCTGATGAAAATGGAGAAG                   "
" ","Intron 5-6","94,949,285","94,972,103","","","22,819","                              {""provisional"":{""ref"":{""style"":[[0,""""],[0,""color:#aaaaaa""]]},""flourishes"":{},""seq"":[{""style"":[1]}],""legend"":{""exons/Introns"":{""intron"":{""label"":""#aaaaaa"",""text"":""Intron sequence"",""default"":null,""class"":""ei""},""exon1"":{""text"":""Translated sequence"",""label"":""#1044ee"",""class"":""e1"",""default"":null},""utr"":{""text"":""UTR"",""label"":""#cd6839"",""class"":""eu"",""default"":null},""flanking"":{""label"":""#008000"",""text"":""Flanking sequence"",""default"":null,""class"":""ef""}},""_messages"":[]},""expect"":[]},""url"":""/Homo_sapiens/Component/Transcript/Exons/exons?db=core;g=ENSG00000138109;r=10:94938658-94990091;t=ENST00000260682;time=1707232506573.573;adorn=only""}                gtaaaatgtaaacaaaagcttagtt..........gataattgcatcaaatcattcctag                "
"6","ENSE00002448359","94,972,104","94,972,245","0","1","142","                              {""url"":""/Homo_sapiens/Component/Transcript/Exons/exons?db=core;g=ENSG00000138109;r=10:94938658-94990091;t=ENST00000260682;time=1707232506573.573;adorn=only"",""provisional"":{""legend"":{""exons/Introns"":{""intron"":{""class"":""ei"",""default"":null,""label"":""#aaaaaa"",""text"":""Intron sequence""},""exon1"":{""text"":""Translated sequence"",""label"":""#1044ee"",""default"":null,""class"":""e1""},""utr"":{""default"":null,""class"":""eu"",""label"":""#cd6839"",""text"":""UTR""},""flanking"":{""text"":""Flanking sequence"",""label"":""#008000"",""default"":null,""class"":""ef""}},""_messages"":[]},""seq"":[{""style"":[1]},-1,{""style"":[1,-21,0]}],""expect"":[],""ref"":{""style"":[[0,""""],[0,""color:#1044ee""]]},""flourishes"":{}}}                GAAAAGCACAACCAACCATCTGAATTTACTATTGAAAGCTTGGAAAACACTGCAGTTGACTTGTTTGGAGCTGGGACAGAGACGACAAGCACAACCCTGAGATATGCTCTCCTTCTCCTGCTGAAGCACCCAGAGGTCACAG                                                      "
" ","Intron 6-7","94,972,246","94,981,182","","","8,937","                              {""url"":""/Homo_sapiens/Component/Transcript/Exons/exons?db=core;g=ENSG00000138109;r=10:94938658-94990091;t=ENST00000260682;time=1707232506573.573;adorn=only"",""provisional"":{""ref"":{""style"":[[0,""""],[0,""color:#aaaaaa""]]},""flourishes"":{},""seq"":[{""style"":[1]}],""legend"":{""exons/Introns"":{""intron"":{""class"":""ei"",""default"":null,""label"":""#aaaaaa"",""text"":""Intron sequence""},""exon1"":{""label"":""#1044ee"",""text"":""Translated sequence"",""default"":null,""class"":""e1""},""utr"":{""label"":""#cd6839"",""text"":""UTR"",""default"":null,""class"":""eu""},""flanking"":{""label"":""#008000"",""text"":""Flanking sequence"",""class"":""ef"",""default"":null}},""_messages"":[]},""expect"":[]}}                gtatgatcagagatgataagttaat..........tcagtttttacttgtgtcttatcag                "
"7","ENSE00002454713","94,981,183","94,981,370","1","0","188","                              {""url"":""/Homo_sapiens/Component/Transcript/Exons/exons?db=core;g=ENSG00000138109;r=10:94938658-94990091;t=ENST00000260682;time=1707232506573.573;adorn=only"",""provisional"":{""flourishes"":{},""ref"":{""style"":[[0,""""],[0,""color:#1044ee""]]},""expect"":[],""legend"":{""exons/Introns"":{""intron"":{""class"":""ei"",""default"":null,""label"":""#aaaaaa"",""text"":""Intron sequence""},""exon1"":{""text"":""Translated sequence"",""label"":""#1044ee"",""class"":""e1"",""default"":null},""utr"":{""default"":null,""class"":""eu"",""text"":""UTR"",""label"":""#cd6839""},""flanking"":{""class"":""ef"",""default"":null,""text"":""Flanking sequence"",""label"":""#008000""}},""_messages"":[]},""seq"":[{""style"":[1]},-2,{""style"":[1,-7,0]}]}}                CTAAAGTCCAGGAAGAGATTGAACGTGTGATTGGCAGAAACCGGAGCCCCTGCATGCAAGACAGGAGCCACATGCCCTACACAGATGCTGTGGTGCACGAGGTCCAGAGATACATTGACCTTCTCCCCACCAGCCTGCCCCATGCAGTGACCTGTGACATTAAATTCAGAAACTATCTCATTCCCAAG                                                                    "
" ","Intron 7-8","94,981,371","94,986,032","","","4,662","                              {""provisional"":{""expect"":[],""seq"":[{""style"":[1]}],""legend"":{""exons/Introns"":{""intron"":{""class"":""ei"",""default"":null,""text"":""Intron sequence"",""label"":""#aaaaaa""},""exon1"":{""default"":null,""class"":""e1"",""label"":""#1044ee"",""text"":""Translated sequence""},""utr"":{""class"":""eu"",""default"":null,""label"":""#cd6839"",""text"":""UTR""},""flanking"":{""class"":""ef"",""default"":null,""label"":""#008000"",""text"":""Flanking sequence""}},""_messages"":[]},""flourishes"":{},""ref"":{""style"":[[0,""""],[0,""color:#aaaaaa""]]}},""url"":""/Homo_sapiens/Component/Transcript/Exons/exons?db=core;g=ENSG00000138109;r=10:94938658-94990091;t=ENST00000260682;time=1707232506573.573;adorn=only""}                gtaagtttgtttctcctacactgca..........gttcatctatgtctcttgtttctag                "
"8","ENSE00002442427","94,986,033","94,986,174","0","1","142","                              {""url"":""/Homo_sapiens/Component/Transcript/Exons/exons?db=core;g=ENSG00000138109;r=10:94938658-94990091;t=ENST00000260682;time=1707232506573.573;adorn=only"",""provisional"":{""flourishes"":{},""ref"":{""style"":[[0,""""],[0,""color:#1044ee""]]},""expect"":[],""seq"":[{""style"":[1]},-1,{""style"":[1,-21,0]}],""legend"":{""exons/Introns"":{""intron"":{""label"":""#aaaaaa"",""text"":""Intron sequence"",""class"":""ei"",""default"":null},""exon1"":{""label"":""#1044ee"",""text"":""Translated sequence"",""class"":""e1"",""default"":null},""utr"":{""label"":""#cd6839"",""text"":""UTR"",""default"":null,""class"":""eu""},""flanking"":{""label"":""#008000"",""text"":""Flanking sequence"",""default"":null,""class"":""ef""}},""_messages"":[]}}}                GGCACAACCATATTAATTTCCCTGACTTCTGTGCTACATGACAACAAAGAATTTCCCAACCCAGAGATGTTTGACCCTCATCACTTTCTGGATGAAGGTGGCAATTTTAAGAAAAGTAAATACTTCATGCCTTTCTCAGCAG                                                      "
" ","Intron 8-9","94,986,175","94,988,846","","","2,672","                              {""provisional"":{""ref"":{""style"":[[0,""""],[0,""color:#aaaaaa""]]},""flourishes"":{},""legend"":{""exons/Introns"":{""intron"":{""label"":""#aaaaaa"",""text"":""Intron sequence"",""class"":""ei"",""default"":null},""exon1"":{""class"":""e1"",""default"":null,""text"":""Translated sequence"",""label"":""#1044ee""},""utr"":{""default"":null,""class"":""eu"",""text"":""UTR"",""label"":""#cd6839""},""flanking"":{""default"":null,""class"":""ef"",""text"":""Flanking sequence"",""label"":""#008000""}},""_messages"":[]},""seq"":[{""style"":[1]}],""expect"":[]},""url"":""/Homo_sapiens/Component/Transcript/Exons/exons?db=core;g=ENSG00000138109;r=10:94938658-94990091;t=ENST00000260682;time=1707232506573.573;adorn=only""}                gtaatataaatttatttccatttgt..........tgctctctgtgtttgctattttcag                "
"9","ENSE00001162173","94,988,847","94,990,091","1","-","1,245","                              {""provisional"":{""flourishes"":{},""ref"":{""style"":[[0,""""],[0,""color:#1044ee""],[7,""cd6839""]]},""expect"":[],""seq"":[{""style"":[1]},-2,{""style"":[1,-1,2]},{""style"":[2]},-15,{""style"":[2,-44,0]}],""legend"":{""exons/Introns"":{""intron"":{""class"":""ei"",""default"":null,""label"":""#aaaaaa"",""text"":""Intron sequence""},""exon1"":{""text"":""Translated sequence"",""label"":""#1044ee"",""default"":null,""class"":""e1""},""utr"":{""text"":""UTR"",""label"":""#cd6839"",""class"":""eu"",""default"":null},""flanking"":{""default"":null,""class"":""ef"",""text"":""Flanking sequence"",""label"":""#008000""}},""_messages"":[]}},""url"":""/Homo_sapiens/Component/Transcript/Exons/exons?db=core;g=ENSG00000138109;r=10:94938658-94990091;t=ENST00000260682;time=1707232506573.573;adorn=only""}                GAAAACGGATTTGTGTGGGAGAAGCCCTGGCCGGCATGGAGCTGTTTTTATTCCTGACCTCCATTTTACAGAACTTTAACCTGAAATCTCTGGTTGACCCAAAGAACCTTGACACCACTCCAGTTGTCAATGGATTTGCCTCTGTGCCGCCCTTCTACCAGCTGTGCTTCATTCCTGTCTGAAGAAGAGCAGATGGCCTGGCTGCTGCTGTGCAGTCCCTGCAGCTCTCTTTCCTCTGGGGCATTATCCATCTTTCACTATCTGTAATGCCTTTTCTCACCTGTCATCTCACATTTTCCCTTCCCTGAAGATCTAGTGAACATTCGACCTCCATTACGGAGAGTTTCCTATGTTTCACTGTGCAAATATATCTGCTATTCTCCATACTCTGTAACAGTTGCATTGACTGTCACATAATGCTCATACTTATCTAATGTTGAGTTATTAATATGTTATTATTAAATAGAGAAATATGATTTGTGTATTATAATTCAAAGGCATTTCTTTTCTGCATGTTCTAAATAAAAAGCATTATTATTTGCTGAGTCAGTTTATTAGACCTTCCTTCTTTTATGCATAATGTAGGTCAGAAATTAAAGAAAATAGAGTTCCAGGAGGCCATGCTGGTTCTCAAAATGATAAGGACAGAAAGGACAAAGAGGAAGAGGGTAGGGAAGCTATTTTGGGTGAGTGTTAGAGTTACTTGAGGATTGGATTTGAAAGTGAGAAACTGTGTCCAGGGGCAGCTCTAACCTCTAGGGAAATATTCAGAGGATCAGTCAAAGGGTGGAATGGACATTAAATGCTAGAATTCTTATATCCACATTGGTGTTCCTTTTTTTTTGAGACAAAGTCTTGCTCTGTCACCCAGGCTGGAGTGCAGTGGTGTGATCTCAGCTCTCTATAACCTCCGCCTCCCAGGTTCAAGTGATTCTCCTGCCTCAGCCTCCTGAGTAGCTGGGATTACAGGTGCATGCCACCACACCTGGCTAATTTTTTGTATTTTTAGTACAGACGGGTTTTCACCGTGTTAGCCAGGATGGTCTTAATCTCCTGACCTTGTGATCTGCCTGCCTCAGCCTCCCAAAGTGCTGGGATTACAGGTGTGAGCCACTGCGCCTGGCCTGGTGTTACTTTGAAGTGTCATTACTTTATCTCTAAATAAAGAATCAGATTACTTTTATTACTTCATGTTTCCAACTTAGAATGATGTAATGAAGTATAAATACATGCTTTCATATCGCT                               "
"","3' downstream sequence","","","","","","                              {""provisional"":{""flourishes"":{},""ref"":{""style"":[[0,""""],[0,""color:#008000""]]},""expect"":[],""seq"":[{""style"":[1]}],""legend"":{""exons/Introns"":{""intron"":{""text"":""Intron sequence"",""label"":""#aaaaaa"",""default"":null,""class"":""ei""},""exon1"":{""class"":""e1"",""default"":null,""text"":""Translated sequence"",""label"":""#1044ee""},""utr"":{""class"":""eu"",""default"":null,""label"":""#cd6839"",""text"":""UTR""},""flanking"":{""class"":""ef"",""default"":null,""label"":""#008000"",""text"":""Flanking sequence""}},""_messages"":[]}},""url"":""/Homo_sapiens/Component/Transcript/Exons/exons?db=core;g=ENSG00000138109;r=10:94938658-94990091;t=ENST00000260682;time=1707232506573.573;adorn=only""}                gctcatgtgttctgtcatgtttctctcttcaaacataaacaaaatttctt..........                "
