"No.","Exon / Intron","Start","End","Start Phase","End Phase","Length","Sequence"
"","5' upstream sequence","","","","","","                              {""url"":""/Homo_sapiens/Component/Transcript/Exons/exons?db=core;g=ENSG00000255974;r=19:40843541-40850447;t=ENST00000301141;time=1707232185641.641;adorn=only"",""provisional"":{""seq"":[{""style"":[1]}],""legend"":{""exons/Introns"":{""flanking"":{""class"":""ef"",""default"":null,""label"":""#008000"",""text"":""Flanking sequence""}},""_messages"":[]},""expect"":[],""ref"":{""style"":[[0,""""],[0,""color:#008000""]]},""flourishes"":{}}}                ..........ccatccctctttttcaggcagtataaaggcaaaccaccccagccgtcacc                "
"1","ENSE00001789088","40,850,447","40,850,247","-","0","201","                              {""url"":""/Homo_sapiens/Component/Transcript/Exons/exons?db=core;g=ENSG00000255974;r=19:40843541-40850447;t=ENST00000301141;time=1707232185641.641;adorn=only"",""provisional"":{""expect"":[],""legend"":{""exons/Introns"":{""flanking"":{""class"":""ef"",""default"":null,""text"":""Flanking sequence"",""label"":""#008000""},""utr"":{""label"":""#cd6839"",""text"":""UTR"",""class"":""eu"",""default"":null},""exon1"":{""label"":""#1044ee"",""text"":""Translated sequence"",""default"":null,""class"":""e1""}},""_messages"":[]},""seq"":[{""style"":[2,-20,1]},{""style"":[1]},-1,{""style"":[1,-20,0]}],""flourishes"":{},""ref"":{""style"":[[0,""""],[0,""color:#1044ee""],[7,""cd6839""]]}}}                ATCTATCATCCCACTACCACCATGCTGGCCTCAGGGATGCTTCTGGTGGCCTTGCTGGTCTGCCTGACTGTAATGGTCTTGATGTCTGTTTGGCAGCAGAGGAAGAGCAAGGGGAAGCTGCCTCCGGGACCCACCCCATTGCCCTTCATTGGAAACTACCTGCAGCTGAACACAGAGCAGATGTACAACTCCCTCATGAAG                                                       "
" ","Intron 1-2","40,850,246","40,849,981","","","266","                              {""url"":""/Homo_sapiens/Component/Transcript/Exons/exons?db=core;g=ENSG00000255974;r=19:40843541-40850447;t=ENST00000301141;time=1707232185641.641;adorn=only"",""provisional"":{""flourishes"":{},""ref"":{""style"":[[0,""""],[0,""color:#aaaaaa""]]},""expect"":[],""seq"":[{""style"":[1]}],""legend"":{""exons/Introns"":{""utr"":{""class"":""eu"",""default"":null,""text"":""UTR"",""label"":""#cd6839""},""exon1"":{""label"":""#1044ee"",""text"":""Translated sequence"",""default"":null,""class"":""e1""},""intron"":{""class"":""ei"",""default"":null,""text"":""Intron sequence"",""label"":""#aaaaaa""},""flanking"":{""default"":null,""class"":""ef"",""text"":""Flanking sequence"",""label"":""#008000""}},""_messages"":[]}}}                gtgtcccaaggcagggagatgggtg..........aaccactcccacccacctccatcag                "
"2","ENSE00003462957","40,849,980","40,849,818","0","1","163","                              {""url"":""/Homo_sapiens/Component/Transcript/Exons/exons?db=core;g=ENSG00000255974;r=19:40843541-40850447;t=ENST00000301141;time=1707232185641.641;adorn=only"",""provisional"":{""expect"":[],""legend"":{""exons/Introns"":{""utr"":{""label"":""#cd6839"",""text"":""UTR"",""default"":null,""class"":""eu""},""exon1"":{""class"":""e1"",""default"":null,""label"":""#1044ee"",""text"":""Translated sequence""},""intron"":{""label"":""#aaaaaa"",""text"":""Intron sequence"",""default"":null,""class"":""ei""},""flanking"":{""class"":""ef"",""default"":null,""text"":""Flanking sequence"",""label"":""#008000""}},""_messages"":[]},""seq"":[{""style"":[1]},-1,{""style"":[1,-42,0]}],""flourishes"":{},""ref"":{""style"":[[0,""""],[0,""color:#1044ee""]]}}}                ATCAGTGAGCGCTATGGCCCCGTGTTCACCATTCACTTGGGGCCCCGGCGGGTCGTGGTGCTGTGTGGACATGATGCCGTCAGGGAGGCTCTGGTGGACCAGGCTGAGGAGTTCAGCGGGCGAGGCGAGCAAGCCACCTTCGACTGGGTCTTCAAAGGCTATG                                 "
" ","Intron 2-3","40,849,817","40,848,764","","","1,054","                              {""provisional"":{""ref"":{""style"":[[0,""""],[0,""color:#aaaaaa""]]},""flourishes"":{},""legend"":{""exons/Introns"":{""utr"":{""class"":""eu"",""default"":null,""label"":""#cd6839"",""text"":""UTR""},""exon1"":{""text"":""Translated sequence"",""label"":""#1044ee"",""default"":null,""class"":""e1""},""intron"":{""text"":""Intron sequence"",""label"":""#aaaaaa"",""class"":""ei"",""default"":null},""flanking"":{""text"":""Flanking sequence"",""label"":""#008000"",""class"":""ef"",""default"":null}},""_messages"":[]},""seq"":[{""style"":[1]}],""expect"":[]},""url"":""/Homo_sapiens/Component/Transcript/Exons/exons?db=core;g=ENSG00000255974;r=19:40843541-40850447;t=ENST00000301141;time=1707232185641.641;adorn=only""}                gtgagggggtgcccaagagggggaa..........tccattcccgcgttcacctccccag                "
"3","ENSE00003565479","40,848,763","40,848,614","1","1","150","                              {""url"":""/Homo_sapiens/Component/Transcript/Exons/exons?db=core;g=ENSG00000255974;r=19:40843541-40850447;t=ENST00000301141;time=1707232185641.641;adorn=only"",""provisional"":{""ref"":{""style"":[[0,""""],[0,""color:#1044ee""]]},""flourishes"":{},""legend"":{""exons/Introns"":{""utr"":{""default"":null,""class"":""eu"",""text"":""UTR"",""label"":""#cd6839""},""exon1"":{""class"":""e1"",""default"":null,""label"":""#1044ee"",""text"":""Translated sequence""},""intron"":{""class"":""ei"",""default"":null,""text"":""Intron sequence"",""label"":""#aaaaaa""},""flanking"":{""default"":null,""class"":""ef"",""label"":""#008000"",""text"":""Flanking sequence""}},""_messages"":[]},""seq"":[{""style"":[1]},-1,{""style"":[1,-29,0]}],""expect"":[]}}                GCGTGGTATTCAGCAACGGGGAGCGCGCCAAGCAGCTCCGGCGCTTCTCCATCGCCACCCTGCGGGACTTCGGGGTGGGCAAGCGAGGCATCGAGGAGCGCATCCAGGAGGAGGCGGGCTTCCTCATCGACGCCCTCCGGGGCACTGGCG                                              "
" ","Intron 3-4","40,848,613","40,848,380","","","234","                              {""url"":""/Homo_sapiens/Component/Transcript/Exons/exons?db=core;g=ENSG00000255974;r=19:40843541-40850447;t=ENST00000301141;time=1707232185641.641;adorn=only"",""provisional"":{""ref"":{""style"":[[0,""""],[0,""color:#aaaaaa""]]},""flourishes"":{},""seq"":[{""style"":[1]}],""legend"":{""exons/Introns"":{""utr"":{""default"":null,""class"":""eu"",""label"":""#cd6839"",""text"":""UTR""},""exon1"":{""text"":""Translated sequence"",""label"":""#1044ee"",""class"":""e1"",""default"":null},""intron"":{""label"":""#aaaaaa"",""text"":""Intron sequence"",""class"":""ei"",""default"":null},""flanking"":{""default"":null,""class"":""ef"",""label"":""#008000"",""text"":""Flanking sequence""}},""_messages"":[]},""expect"":[]}}                gtgagcaggggaccccgagtgcggg..........cccccttctcccgccatacccgcag                "
"4","ENSE00003685949","40,848,379","40,848,219","1","0","161","                              {""url"":""/Homo_sapiens/Component/Transcript/Exons/exons?db=core;g=ENSG00000255974;r=19:40843541-40850447;t=ENST00000301141;time=1707232185641.641;adorn=only"",""provisional"":{""flourishes"":{},""ref"":{""style"":[[0,""""],[0,""color:#1044ee""]]},""expect"":[],""seq"":[{""style"":[1]},-1,{""style"":[1,-40,0]}],""legend"":{""exons/Introns"":{""utr"":{""label"":""#cd6839"",""text"":""UTR"",""class"":""eu"",""default"":null},""exon1"":{""class"":""e1"",""default"":null,""text"":""Translated sequence"",""label"":""#1044ee""},""intron"":{""text"":""Intron sequence"",""label"":""#aaaaaa"",""default"":null,""class"":""ei""},""flanking"":{""label"":""#008000"",""text"":""Flanking sequence"",""class"":""ef"",""default"":null}},""_messages"":[]}}}                GCGCCAATATCGATCCCACCTTCTTCCTGAGCCGCACAGTCTCCAATGTCATCAGCTCCATTGTCTTTGGGGACCGCTTTGACTATAAGGACAAAGAGTTCCTGTCACTGTTGCGCATGATGCTAGGAATCTTCCAGTTCACGTCAACCTCCACGGGGCAG                                   "
" ","Intron 4-5","40,848,218","40,847,052","","","1,167","                              {""url"":""/Homo_sapiens/Component/Transcript/Exons/exons?db=core;g=ENSG00000255974;r=19:40843541-40850447;t=ENST00000301141;time=1707232185641.641;adorn=only"",""provisional"":{""flourishes"":{},""ref"":{""style"":[[0,""""],[0,""color:#aaaaaa""]]},""expect"":[],""seq"":[{""style"":[1]}],""legend"":{""exons/Introns"":{""utr"":{""default"":null,""class"":""eu"",""label"":""#cd6839"",""text"":""UTR""},""exon1"":{""label"":""#1044ee"",""text"":""Translated sequence"",""default"":null,""class"":""e1""},""intron"":{""class"":""ei"",""default"":null,""text"":""Intron sequence"",""label"":""#aaaaaa""},""flanking"":{""label"":""#008000"",""text"":""Flanking sequence"",""default"":null,""class"":""ef""}},""_messages"":[]}}}                gtaactggctgcagcccggcccgtg..........tcccatcctctctctgcaaccccag                "
"5","ENSE00003545561","40,847,051","40,846,875","0","0","177","                              {""provisional"":{""flourishes"":{},""ref"":{""style"":[[0,""""],[0,""color:#1044ee""]]},""expect"":[],""legend"":{""exons/Introns"":{""utr"":{""class"":""eu"",""default"":null,""text"":""UTR"",""label"":""#cd6839""},""exon1"":{""text"":""Translated sequence"",""label"":""#1044ee"",""default"":null,""class"":""e1""},""intron"":{""text"":""Intron sequence"",""label"":""#aaaaaa"",""class"":""ei"",""default"":null},""flanking"":{""text"":""Flanking sequence"",""label"":""#008000"",""class"":""ef"",""default"":null}},""_messages"":[]},""seq"":[{""style"":[1]},-1,{""style"":[1,-56,0]}]},""url"":""/Homo_sapiens/Component/Transcript/Exons/exons?db=core;g=ENSG00000255974;r=19:40843541-40850447;t=ENST00000301141;time=1707232185641.641;adorn=only""}                CTCTATGAGATGTTCTCTTCGGTGATGAAACACCTGCCAGGACCACAGCAACAGGCCTTTCAGTTGCTGCAAGGGCTGGAGGACTTCATAGCCAAGAAGGTGGAGCACAACCAGCGCACGCTGGATCCCAATTCCCCACGGGACTTCATTGACTCCTTTCTCATCCGCATGCAGGAG                   "
" ","Intron 5-6","40,846,874","40,846,098","","","777","                              {""provisional"":{""ref"":{""style"":[[0,""""],[0,""color:#aaaaaa""]]},""flourishes"":{},""seq"":[{""style"":[1]}],""legend"":{""exons/Introns"":{""utr"":{""class"":""eu"",""default"":null,""label"":""#cd6839"",""text"":""UTR""},""exon1"":{""default"":null,""class"":""e1"",""text"":""Translated sequence"",""label"":""#1044ee""},""intron"":{""default"":null,""class"":""ei"",""label"":""#aaaaaa"",""text"":""Intron sequence""},""flanking"":{""label"":""#008000"",""text"":""Flanking sequence"",""default"":null,""class"":""ef""}},""_messages"":[]},""expect"":[]},""url"":""/Homo_sapiens/Component/Transcript/Exons/exons?db=core;g=ENSG00000255974;r=19:40843541-40850447;t=ENST00000301141;time=1707232185641.641;adorn=only""}                gtacaccccagcagccactgcgggg..........ggcctaaagccccctctccctgcag                "
"6","ENSE00003490034","40,846,097","40,845,956","0","1","142","                              {""provisional"":{""flourishes"":{},""ref"":{""style"":[[0,""""],[0,""color:#1044ee""]]},""expect"":[],""seq"":[{""style"":[1]},-1,{""style"":[1,-21,0]}],""legend"":{""exons/Introns"":{""utr"":{""default"":null,""class"":""eu"",""label"":""#cd6839"",""text"":""UTR""},""exon1"":{""label"":""#1044ee"",""text"":""Translated sequence"",""class"":""e1"",""default"":null},""intron"":{""class"":""ei"",""default"":null,""label"":""#aaaaaa"",""text"":""Intron sequence""},""flanking"":{""class"":""ef"",""default"":null,""text"":""Flanking sequence"",""label"":""#008000""}},""_messages"":[]}},""url"":""/Homo_sapiens/Component/Transcript/Exons/exons?db=core;g=ENSG00000255974;r=19:40843541-40850447;t=ENST00000301141;time=1707232185641.641;adorn=only""}                GAGGAGAAGAACCCCAACACGGAGTTCTACTTGAAAAACCTGGTGATGACCACGTTGAACCTCTTCATTGGGGGCACCGAGACCGTCAGCACCACCCTGCGCTATGGCTTCTTGCTGCTCATGAAGCACCCAGAGGTGGAGG                                                      "
" ","Intron 6-7","40,845,955","40,845,482","","","474","                              {""provisional"":{""ref"":{""style"":[[0,""""],[0,""color:#aaaaaa""]]},""flourishes"":{},""seq"":[{""style"":[1]}],""legend"":{""exons/Introns"":{""utr"":{""default"":null,""class"":""eu"",""label"":""#cd6839"",""text"":""UTR""},""exon1"":{""text"":""Translated sequence"",""label"":""#1044ee"",""default"":null,""class"":""e1""},""intron"":{""label"":""#aaaaaa"",""text"":""Intron sequence"",""default"":null,""class"":""ei""},""flanking"":{""text"":""Flanking sequence"",""label"":""#008000"",""class"":""ef"",""default"":null}},""_messages"":[]},""expect"":[]},""url"":""/Homo_sapiens/Component/Transcript/Exons/exons?db=core;g=ENSG00000255974;r=19:40843541-40850447;t=ENST00000301141;time=1707232185641.641;adorn=only""}                gtaaggctggagggggacggaagtg..........aaacacattccccctcctcccccag                "
"7","ENSE00002436864","40,845,481","40,845,294","1","0","188","                              {""provisional"":{""legend"":{""exons/Introns"":{""utr"":{""class"":""eu"",""default"":null,""text"":""UTR"",""label"":""#cd6839""},""exon1"":{""label"":""#1044ee"",""text"":""Translated sequence"",""default"":null,""class"":""e1""},""intron"":{""default"":null,""class"":""ei"",""text"":""Intron sequence"",""label"":""#aaaaaa""},""flanking"":{""default"":null,""class"":""ef"",""text"":""Flanking sequence"",""label"":""#008000""}},""_messages"":[]},""seq"":[{""style"":[1]},-2,{""style"":[1,-7,0]}],""expect"":[],""ref"":{""style"":[[0,""""],[0,""color:#1044ee""]]},""flourishes"":{}},""url"":""/Homo_sapiens/Component/Transcript/Exons/exons?db=core;g=ENSG00000255974;r=19:40843541-40850447;t=ENST00000301141;time=1707232185641.641;adorn=only""}                CCAAGGTCCATGAGGAGATTGACAGAGTGATCGGCAAGAACCGGCAGCCCAAGTTTGAGGACCGGGCCAAGATGCCCTACATGGAGGCAGTGATCCACGAGATCCAAAGATTTGGAGACGTGATCCCCATGAGTTTGGCCCGCAGAGTCAAAAAGGACACCAAGTTTCGGGATTTCTTCCTCCCTAAG                                                                    "
" ","Intron 7-8","40,845,293","40,844,773","","","521","                              {""provisional"":{""flourishes"":{},""ref"":{""style"":[[0,""""],[0,""color:#aaaaaa""]]},""expect"":[],""legend"":{""exons/Introns"":{""utr"":{""text"":""UTR"",""label"":""#cd6839"",""class"":""eu"",""default"":null},""exon1"":{""default"":null,""class"":""e1"",""text"":""Translated sequence"",""label"":""#1044ee""},""intron"":{""text"":""Intron sequence"",""label"":""#aaaaaa"",""default"":null,""class"":""ei""},""flanking"":{""default"":null,""class"":""ef"",""text"":""Flanking sequence"",""label"":""#008000""}},""_messages"":[]},""seq"":[{""style"":[1]}]},""url"":""/Homo_sapiens/Component/Transcript/Exons/exons?db=core;g=ENSG00000255974;r=19:40843541-40850447;t=ENST00000301141;time=1707232185641.641;adorn=only""}                gtgctatccgcccccaccccccaga..........cacacaacttcctcctccctaccag                "
"8","ENSE00002489819","40,844,772","40,844,631","0","1","142","                              {""url"":""/Homo_sapiens/Component/Transcript/Exons/exons?db=core;g=ENSG00000255974;r=19:40843541-40850447;t=ENST00000301141;time=1707232185641.641;adorn=only"",""provisional"":{""flourishes"":{},""ref"":{""style"":[[0,""""],[0,""color:#1044ee""]]},""expect"":[],""legend"":{""exons/Introns"":{""utr"":{""class"":""eu"",""default"":null,""text"":""UTR"",""label"":""#cd6839""},""exon1"":{""default"":null,""class"":""e1"",""text"":""Translated sequence"",""label"":""#1044ee""},""intron"":{""class"":""ei"",""default"":null,""label"":""#aaaaaa"",""text"":""Intron sequence""},""flanking"":{""text"":""Flanking sequence"",""label"":""#008000"",""class"":""ef"",""default"":null}},""_messages"":[]},""seq"":[{""style"":[1]},-1,{""style"":[1,-21,0]}]}}                GGCACCGAAGTGTACCCTATGCTGGGCTCTGTGCTGAGAGACCCCAGTTTCTTCTCCAACCCCCAGGACTTCAATCCCCAGCACTTCCTGAATGAGAAGGGGCAGTTTAAGAAGAGTGATGCTTTTGTGCCCTTTTCCATCG                                                      "
" ","Intron 8-9","40,844,630","40,843,978","","","653","                              {""provisional"":{""legend"":{""exons/Introns"":{""utr"":{""class"":""eu"",""default"":null,""label"":""#cd6839"",""text"":""UTR""},""exon1"":{""text"":""Translated sequence"",""label"":""#1044ee"",""default"":null,""class"":""e1""},""intron"":{""label"":""#aaaaaa"",""text"":""Intron sequence"",""class"":""ei"",""default"":null},""flanking"":{""text"":""Flanking sequence"",""label"":""#008000"",""default"":null,""class"":""ef""}},""_messages"":[]},""seq"":[{""style"":[1]}],""expect"":[],""ref"":{""style"":[[0,""""],[0,""color:#aaaaaa""]]},""flourishes"":{}},""url"":""/Homo_sapiens/Component/Transcript/Exons/exons?db=core;g=ENSG00000255974;r=19:40843541-40850447;t=ENST00000301141;time=1707232185641.641;adorn=only""}                gtaagagaccactgtttgctgccag..........cacccctcccgcctctcctcctcag                "
"9","ENSE00003006113","40,843,977","40,843,541","1","-","437","                              {""url"":""/Homo_sapiens/Component/Transcript/Exons/exons?db=core;g=ENSG00000255974;r=19:40843541-40850447;t=ENST00000301141;time=1707232185641.641;adorn=only"",""provisional"":{""ref"":{""style"":[[0,""""],[0,""color:#1044ee""],[7,""cd6839""]]},""flourishes"":{},""legend"":{""exons/Introns"":{""utr"":{""text"":""UTR"",""label"":""#cd6839"",""default"":null,""class"":""eu""},""exon1"":{""class"":""e1"",""default"":null,""text"":""Translated sequence"",""label"":""#1044ee""},""intron"":{""text"":""Intron sequence"",""label"":""#aaaaaa"",""class"":""ei"",""default"":null},""flanking"":{""default"":null,""class"":""ef"",""label"":""#008000"",""text"":""Flanking sequence""}},""_messages"":[]},""seq"":[{""style"":[1]},-2,{""style"":[1,-1,2]},{""style"":[2]},-2,{""style"":[2,-16,0]}],""expect"":[]}}                GAAAGCGGAACTGTTTCGGAGAAGGCCTGGCCAGAATGGAGCTCTTTCTCTTCTTCACCACCGTCATGCAGAACTTCCGCCTCAAGTCCTCCCAGTCACCTAAGGACATTGACGTGTCCCCCAAACACGTGGGCTTTGCCACGATCCCACGAAACTACACCATGAGCTTCCTGCCCCGCTGAGCGAGGGCTGTGCCGGTGCAGGTCTGGTGGGCGGGGCCAGGGAAAGGGCAGGGCCAAGACCGGGCTTGGGAGAGGGGCGCAGCTAAGACTGGGGGCAGGATGGCGGAAAGGAAGGGGCGTGGTGGCTAGAGGGAAGAGAAGAAACAGAAGCGGCTCAGTTCACCTTGATAAGGTGCTTCCGAGCTGGGATGAGAGGAAGGAAACCCTTACATTATGCTATGAAGAGTAGTAATAATAGCAGCTCTTATTTCCTGA                                                           "
"","3' downstream sequence","","","","","","                              {""url"":""/Homo_sapiens/Component/Transcript/Exons/exons?db=core;g=ENSG00000255974;r=19:40843541-40850447;t=ENST00000301141;time=1707232185641.641;adorn=only"",""provisional"":{""seq"":[{""style"":[1]}],""legend"":{""exons/Introns"":{""utr"":{""default"":null,""class"":""eu"",""label"":""#cd6839"",""text"":""UTR""},""exon1"":{""class"":""e1"",""default"":null,""text"":""Translated sequence"",""label"":""#1044ee""},""intron"":{""default"":null,""class"":""ei"",""text"":""Intron sequence"",""label"":""#aaaaaa""},""flanking"":{""default"":null,""class"":""ef"",""label"":""#008000"",""text"":""Flanking sequence""}},""_messages"":[]},""expect"":[],""ref"":{""style"":[[0,""""],[0,""color:#008000""]]},""flourishes"":{}}}                gcacgtacccccgtgtcacctttgttcaaaaaccattgcacgctcaccta..........                "
