"No.","Exon / Intron","Start","End","Start Phase","End Phase","Length","Sequence"
"","5' upstream sequence","","","","","","                              {""provisional"":{""expect"":[],""legend"":{""_messages"":[],""exons/Introns"":{""flanking"":{""label"":""#008000"",""text"":""Flanking sequence"",""default"":null,""class"":""ef""}}},""seq"":[{""style"":[1]}],""flourishes"":{},""ref"":{""style"":[[0,""""],[0,""color:#008000""]]}},""url"":""/Homo_sapiens/Component/Transcript/Exons/exons?db=core;g=ENSG00000165841;r=10:94762681-94855547;t=ENST00000371321;time=1707232356076.076;adorn=only""}                ..........cttaattagcatggagtgttataaaaagcttggagtgcaagctcacggtt                "
"1","ENSE00002446586","94,762,681","94,762,873","-","0","193","                              {""provisional"":{""expect"":[],""seq"":[{""style"":[2,-24,1]},{""style"":[1]},-1,{""style"":[1,-12,0]}],""legend"":{""_messages"":[],""exons/Introns"":{""flanking"":{""label"":""#008000"",""text"":""Flanking sequence"",""class"":""ef"",""default"":null},""utr"":{""class"":""eu"",""default"":null,""text"":""UTR"",""label"":""#cd6839""},""exon1"":{""class"":""e1"",""default"":null,""label"":""#1044ee"",""text"":""Translated sequence""}}},""flourishes"":{},""ref"":{""style"":[[0,""""],[0,""color:#1044ee""],[7,""cd6839""]]}},""url"":""/Homo_sapiens/Component/Transcript/Exons/exons?db=core;g=ENSG00000165841;r=10:94762681-94855547;t=ENST00000371321;time=1707232356076.076;adorn=only""}                GTCTTAACAAGAGGAGAAGGCTTCAATGGATCCTTTTGTGGTCCTTGTGCTCTGTCTCTCATGTTTGCTTCTCCTTTCAATCTGGAGACAGAGCTCTGGGAGAGGAAAACTCCCTCCTGGCCCCACTCCTCTCCCAGTGATTGGAAATATCCTACAGATAGATATTAAGGATGTCAGCAAATCCTTAACCAAT                                                               "
" ","Intron 1-2","94,762,874","94,775,057","","","12,184","                              {""url"":""/Homo_sapiens/Component/Transcript/Exons/exons?db=core;g=ENSG00000165841;r=10:94762681-94855547;t=ENST00000371321;time=1707232356076.076;adorn=only"",""provisional"":{""seq"":[{""style"":[1]}],""legend"":{""_messages"":[],""exons/Introns"":{""utr"":{""default"":null,""class"":""eu"",""label"":""#cd6839"",""text"":""UTR""},""exon1"":{""class"":""e1"",""default"":null,""label"":""#1044ee"",""text"":""Translated sequence""},""intron"":{""class"":""ei"",""default"":null,""label"":""#aaaaaa"",""text"":""Intron sequence""},""flanking"":{""text"":""Flanking sequence"",""label"":""#008000"",""default"":null,""class"":""ef""}}},""expect"":[],""ref"":{""style"":[[0,""""],[0,""color:#aaaaaa""]]},""flourishes"":{}}}                gtaagtatgctccttcagtggcttg..........ctgttaactgtatctccttttctag                "
"2","ENSE00003600653","94,775,058","94,775,220","0","1","163","                              {""url"":""/Homo_sapiens/Component/Transcript/Exons/exons?db=core;g=ENSG00000165841;r=10:94762681-94855547;t=ENST00000371321;time=1707232356076.076;adorn=only"",""provisional"":{""expect"":[],""seq"":[{""style"":[1]},-1,{""style"":[1,-42,0]}],""legend"":{""_messages"":[],""exons/Introns"":{""utr"":{""label"":""#cd6839"",""text"":""UTR"",""class"":""eu"",""default"":null},""exon1"":{""text"":""Translated sequence"",""label"":""#1044ee"",""class"":""e1"",""default"":null},""intron"":{""label"":""#aaaaaa"",""text"":""Intron sequence"",""class"":""ei"",""default"":null},""flanking"":{""class"":""ef"",""default"":null,""text"":""Flanking sequence"",""label"":""#008000""}}},""flourishes"":{},""ref"":{""style"":[[0,""""],[0,""color:#1044ee""]]}}}                CTCTCAAAAATCTATGGCCCTGTGTTCACTCTGTATTTTGGCCTGGAACGCATGGTGGTGCTGCATGGATATGAAGTGGTGAAGGAAGCCCTGATTGATCTTGGAGAGGAGTTTTCTGGAAGAGGCCATTTCCCACTGGCTGAAAGAGCTAACAGAGGATTTG                                 "
" ","Intron 2-3","94,775,221","94,775,389","","","169","                              {""provisional"":{""expect"":[],""legend"":{""_messages"":[],""exons/Introns"":{""utr"":{""label"":""#cd6839"",""text"":""UTR"",""class"":""eu"",""default"":null},""exon1"":{""text"":""Translated sequence"",""label"":""#1044ee"",""default"":null,""class"":""e1""},""intron"":{""class"":""ei"",""default"":null,""text"":""Intron sequence"",""label"":""#aaaaaa""},""flanking"":{""text"":""Flanking sequence"",""label"":""#008000"",""class"":""ef"",""default"":null}}},""seq"":[{""style"":[1]}],""flourishes"":{},""ref"":{""style"":[[0,""""],[0,""color:#aaaaaa""]]}},""url"":""/Homo_sapiens/Component/Transcript/Exons/exons?db=core;g=ENSG00000165841;r=10:94762681-94855547;t=ENST00000371321;time=1707232356076.076;adorn=only""}                gtaggtgtgcaagtgcctgtttcag..........ctagtttcgtttctcttcctgttag                "
"3","ENSE00003666610","94,775,390","94,775,539","1","1","150","                              {""provisional"":{""flourishes"":{},""ref"":{""style"":[[0,""""],[0,""color:#1044ee""]]},""expect"":[],""seq"":[{""style"":[1]},-1,{""style"":[1,-29,0]}],""legend"":{""_messages"":[],""exons/Introns"":{""utr"":{""class"":""eu"",""default"":null,""text"":""UTR"",""label"":""#cd6839""},""exon1"":{""label"":""#1044ee"",""text"":""Translated sequence"",""class"":""e1"",""default"":null},""intron"":{""label"":""#aaaaaa"",""text"":""Intron sequence"",""default"":null,""class"":""ei""},""flanking"":{""class"":""ef"",""default"":null,""text"":""Flanking sequence"",""label"":""#008000""}}}},""url"":""/Homo_sapiens/Component/Transcript/Exons/exons?db=core;g=ENSG00000165841;r=10:94762681-94855547;t=ENST00000371321;time=1707232356076.076;adorn=only""}                GAATCGTTTTCAGCAATGGAAAGAGATGGAAGGAGATCCGGCGTTTCTCCCTCATGACGCTGCGGAATTTTGGGATGGGGAAGAGGAGCATTGAGGACCGTGTTCAAGAGGAAGCCCGCTGCCTTGTGGAGGAGTTGAGAAAAACCAAGG                                              "
" ","Intron 3-4","94,775,540","94,780,498","","","4,959","                              {""url"":""/Homo_sapiens/Component/Transcript/Exons/exons?db=core;g=ENSG00000165841;r=10:94762681-94855547;t=ENST00000371321;time=1707232356076.076;adorn=only"",""provisional"":{""expect"":[],""seq"":[{""style"":[1]}],""legend"":{""_messages"":[],""exons/Introns"":{""utr"":{""text"":""UTR"",""label"":""#cd6839"",""default"":null,""class"":""eu""},""exon1"":{""text"":""Translated sequence"",""label"":""#1044ee"",""class"":""e1"",""default"":null},""intron"":{""default"":null,""class"":""ei"",""label"":""#aaaaaa"",""text"":""Intron sequence""},""flanking"":{""default"":null,""class"":""ef"",""label"":""#008000"",""text"":""Flanking sequence""}}},""flourishes"":{},""ref"":{""style"":[[0,""""],[0,""color:#aaaaaa""]]}}}                gtgggtgaacatactctctatcact..........tttaaaattgtttccaatcatttag                "
"4","ENSE00003516375","94,780,499","94,780,659","1","0","161","                              {""url"":""/Homo_sapiens/Component/Transcript/Exons/exons?db=core;g=ENSG00000165841;r=10:94762681-94855547;t=ENST00000371321;time=1707232356076.076;adorn=only"",""provisional"":{""expect"":[],""legend"":{""_messages"":[],""exons/Introns"":{""utr"":{""default"":null,""class"":""eu"",""text"":""UTR"",""label"":""#cd6839""},""exon1"":{""default"":null,""class"":""e1"",""label"":""#1044ee"",""text"":""Translated sequence""},""intron"":{""text"":""Intron sequence"",""label"":""#aaaaaa"",""class"":""ei"",""default"":null},""flanking"":{""text"":""Flanking sequence"",""label"":""#008000"",""class"":""ef"",""default"":null}}},""seq"":[{""style"":[1]},-1,{""style"":[1,-40,0]}],""flourishes"":{},""ref"":{""style"":[[0,""""],[0,""color:#1044ee""]]}}}                CTTCACCCTGTGATCCCACTTTCATCCTGGGCTGTGCTCCCTGCAATGTGATCTGCTCCATTATTTTCCAGAAACGTTTCGATTATAAAGATCAGCAATTTCTTAACTTGATGGAAAAATTGAATGAAAACATCAGGATTGTAAGCACCCCCTGGATCCAG                                   "
" ","Intron 4-5","94,780,660","94,781,820","","","1,161","                              {""url"":""/Homo_sapiens/Component/Transcript/Exons/exons?db=core;g=ENSG00000165841;r=10:94762681-94855547;t=ENST00000371321;time=1707232356076.076;adorn=only"",""provisional"":{""flourishes"":{},""ref"":{""style"":[[0,""""],[0,""color:#aaaaaa""]]},""expect"":[],""legend"":{""_messages"":[],""exons/Introns"":{""utr"":{""label"":""#cd6839"",""text"":""UTR"",""default"":null,""class"":""eu""},""exon1"":{""label"":""#1044ee"",""text"":""Translated sequence"",""class"":""e1"",""default"":null},""intron"":{""label"":""#aaaaaa"",""text"":""Intron sequence"",""default"":null,""class"":""ei""},""flanking"":{""text"":""Flanking sequence"",""label"":""#008000"",""class"":""ef"",""default"":null}}},""seq"":[{""style"":[1]}]}}                gtaaggccaagttttttgcttcctg..........ttaataaattattgttttctcttag                "
"5","ENSE00003660121","94,781,821","94,781,997","0","0","177","                              {""provisional"":{""flourishes"":{},""ref"":{""style"":[[0,""""],[0,""color:#1044ee""]]},""expect"":[],""seq"":[{""style"":[1]},-1,{""style"":[1,-56,0]}],""legend"":{""_messages"":[],""exons/Introns"":{""utr"":{""text"":""UTR"",""label"":""#cd6839"",""default"":null,""class"":""eu""},""exon1"":{""class"":""e1"",""default"":null,""label"":""#1044ee"",""text"":""Translated sequence""},""intron"":{""label"":""#aaaaaa"",""text"":""Intron sequence"",""default"":null,""class"":""ei""},""flanking"":{""text"":""Flanking sequence"",""label"":""#008000"",""class"":""ef"",""default"":null}}}},""url"":""/Homo_sapiens/Component/Transcript/Exons/exons?db=core;g=ENSG00000165841;r=10:94762681-94855547;t=ENST00000371321;time=1707232356076.076;adorn=only""}                ATATGCAATAATTTTCCCACTATCATTGATTATTTCCCGGGAACCCATAACAAATTACTTAAAAACCTTGCTTTTATGGAAAGTGATATTTTGGAGAAAGTAAAAGAACACCAAGAATCGATGGACATCAACAACCCTCGGGACTTTATTGATTGCTTCCTGATCAAAATGGAGAAG                   "
" ","Intron 5-6","94,781,998","94,820,495","","","38,498","                              {""provisional"":{""expect"":[],""legend"":{""_messages"":[],""exons/Introns"":{""utr"":{""text"":""UTR"",""label"":""#cd6839"",""class"":""eu"",""default"":null},""exon1"":{""text"":""Translated sequence"",""label"":""#1044ee"",""default"":null,""class"":""e1""},""intron"":{""text"":""Intron sequence"",""label"":""#aaaaaa"",""default"":null,""class"":""ei""},""flanking"":{""default"":null,""class"":""ef"",""text"":""Flanking sequence"",""label"":""#008000""}}},""seq"":[{""style"":[1]}],""flourishes"":{},""ref"":{""style"":[[0,""""],[0,""color:#aaaaaa""]]}},""url"":""/Homo_sapiens/Component/Transcript/Exons/exons?db=core;g=ENSG00000165841;r=10:94762681-94855547;t=ENST00000371321;time=1707232356076.076;adorn=only""}                gtaaaatgttaacaaaagcttagtt..........gataattgcatcaaatcattcctag                "
"6","ENSE00003662051","94,820,496","94,820,637","0","1","142","                              {""url"":""/Homo_sapiens/Component/Transcript/Exons/exons?db=core;g=ENSG00000165841;r=10:94762681-94855547;t=ENST00000371321;time=1707232356076.076;adorn=only"",""provisional"":{""flourishes"":{},""ref"":{""style"":[[0,""""],[0,""color:#1044ee""]]},""expect"":[],""seq"":[{""style"":[1]},-1,{""style"":[1,-21,0]}],""legend"":{""_messages"":[],""exons/Introns"":{""utr"":{""text"":""UTR"",""label"":""#cd6839"",""default"":null,""class"":""eu""},""exon1"":{""text"":""Translated sequence"",""label"":""#1044ee"",""default"":null,""class"":""e1""},""intron"":{""text"":""Intron sequence"",""label"":""#aaaaaa"",""default"":null,""class"":""ei""},""flanking"":{""class"":""ef"",""default"":null,""text"":""Flanking sequence"",""label"":""#008000""}}}}}                GAAAAGCAAAACCAACAGTCTGAATTCACTATTGAAAACTTGGTAATCACTGCAGCTGACTTACTTGGAGCTGGGACAGAGACAACAAGCACAACCCTGAGATATGCTCTCCTTCTCCTGCTGAAGCACCCAGAGGTCACAG                                                      "
" ","Intron 6-7","94,820,638","94,842,836","","","22,199","                              {""url"":""/Homo_sapiens/Component/Transcript/Exons/exons?db=core;g=ENSG00000165841;r=10:94762681-94855547;t=ENST00000371321;time=1707232356076.076;adorn=only"",""provisional"":{""legend"":{""_messages"":[],""exons/Introns"":{""utr"":{""label"":""#cd6839"",""text"":""UTR"",""class"":""eu"",""default"":null},""exon1"":{""text"":""Translated sequence"",""label"":""#1044ee"",""class"":""e1"",""default"":null},""intron"":{""label"":""#aaaaaa"",""text"":""Intron sequence"",""class"":""ei"",""default"":null},""flanking"":{""text"":""Flanking sequence"",""label"":""#008000"",""class"":""ef"",""default"":null}}},""seq"":[{""style"":[1]}],""expect"":[],""ref"":{""style"":[[0,""""],[0,""color:#aaaaaa""]]},""flourishes"":{}}}                gtatgatcacagaggatgagttaat..........tcagttcttacttgtgtcttgtcag                "
"7","ENSE00003670360","94,842,837","94,843,024","1","0","188","                              {""provisional"":{""expect"":[],""seq"":[{""style"":[1]},-2,{""style"":[1,-7,0]}],""legend"":{""_messages"":[],""exons/Introns"":{""utr"":{""label"":""#cd6839"",""text"":""UTR"",""class"":""eu"",""default"":null},""exon1"":{""text"":""Translated sequence"",""label"":""#1044ee"",""default"":null,""class"":""e1""},""intron"":{""class"":""ei"",""default"":null,""text"":""Intron sequence"",""label"":""#aaaaaa""},""flanking"":{""label"":""#008000"",""text"":""Flanking sequence"",""class"":""ef"",""default"":null}}},""flourishes"":{},""ref"":{""style"":[[0,""""],[0,""color:#1044ee""]]}},""url"":""/Homo_sapiens/Component/Transcript/Exons/exons?db=core;g=ENSG00000165841;r=10:94762681-94855547;t=ENST00000371321;time=1707232356076.076;adorn=only""}                CTAAAGTCCAGGAAGAGATTGAACGTGTCATTGGCAGAAACCGGAGCCCCTGCATGCAGGACAGGGGCCACATGCCCTACACAGATGCTGTGGTGCACGAGGTCCAGAGATACATCGACCTCATCCCCACCAGCCTGCCCCATGCAGTGACCTGTGACGTTAAATTCAGAAACTACCTCATTCCCAAG                                                                    "
" ","Intron 7-8","94,843,025","94,849,916","","","6,892","                              {""provisional"":{""expect"":[],""legend"":{""_messages"":[],""exons/Introns"":{""utr"":{""label"":""#cd6839"",""text"":""UTR"",""class"":""eu"",""default"":null},""exon1"":{""label"":""#1044ee"",""text"":""Translated sequence"",""class"":""e1"",""default"":null},""intron"":{""default"":null,""class"":""ei"",""label"":""#aaaaaa"",""text"":""Intron sequence""},""flanking"":{""class"":""ef"",""default"":null,""label"":""#008000"",""text"":""Flanking sequence""}}},""seq"":[{""style"":[1]}],""flourishes"":{},""ref"":{""style"":[[0,""""],[0,""color:#aaaaaa""]]}},""url"":""/Homo_sapiens/Component/Transcript/Exons/exons?db=core;g=ENSG00000165841;r=10:94762681-94855547;t=ENST00000371321;time=1707232356076.076;adorn=only""}                gtaagtttgtttctcctacactgca..........gttcacctatgtctcttgtttctag                "
"8","ENSE00003582934","94,849,917","94,850,058","0","1","142","                              {""provisional"":{""ref"":{""style"":[[0,""""],[0,""color:#1044ee""]]},""flourishes"":{},""legend"":{""_messages"":[],""exons/Introns"":{""utr"":{""class"":""eu"",""default"":null,""label"":""#cd6839"",""text"":""UTR""},""exon1"":{""default"":null,""class"":""e1"",""label"":""#1044ee"",""text"":""Translated sequence""},""intron"":{""text"":""Intron sequence"",""label"":""#aaaaaa"",""default"":null,""class"":""ei""},""flanking"":{""text"":""Flanking sequence"",""label"":""#008000"",""default"":null,""class"":""ef""}}},""seq"":[{""style"":[1]},-1,{""style"":[1,-21,0]}],""expect"":[]},""url"":""/Homo_sapiens/Component/Transcript/Exons/exons?db=core;g=ENSG00000165841;r=10:94762681-94855547;t=ENST00000371321;time=1707232356076.076;adorn=only""}                GGCACAACCATATTAACTTCCCTCACTTCTGTGCTACATGACAACAAAGAATTTCCCAACCCAGAGATGTTTGACCCTCGTCACTTTCTGGATGAAGGTGGAAATTTTAAGAAAAGTAACTACTTCATGCCTTTCTCAGCAG                                                      "
" ","Intron 8-9","94,850,059","94,852,732","","","2,674","                              {""provisional"":{""legend"":{""_messages"":[],""exons/Introns"":{""utr"":{""label"":""#cd6839"",""text"":""UTR"",""default"":null,""class"":""eu""},""exon1"":{""label"":""#1044ee"",""text"":""Translated sequence"",""class"":""e1"",""default"":null},""intron"":{""text"":""Intron sequence"",""label"":""#aaaaaa"",""class"":""ei"",""default"":null},""flanking"":{""class"":""ef"",""default"":null,""label"":""#008000"",""text"":""Flanking sequence""}}},""seq"":[{""style"":[1]}],""expect"":[],""ref"":{""style"":[[0,""""],[0,""color:#aaaaaa""]]},""flourishes"":{}},""url"":""/Homo_sapiens/Component/Transcript/Exons/exons?db=core;g=ENSG00000165841;r=10:94762681-94855547;t=ENST00000371321;time=1707232356076.076;adorn=only""}                gtaatataaatttatttccctttgt..........ttctccctatgtttgttattttcag                "
"9","ENSE00001454938","94,852,733","94,855,547","1","-","2,815","                              {""provisional"":{""expect"":[],""legend"":{""_messages"":[],""exons/Introns"":{""utr"":{""text"":""UTR"",""label"":""#cd6839"",""class"":""eu"",""default"":null},""exon1"":{""label"":""#1044ee"",""text"":""Translated sequence"",""default"":null,""class"":""e1""},""intron"":{""text"":""Intron sequence"",""label"":""#aaaaaa"",""class"":""ei"",""default"":null},""flanking"":{""class"":""ef"",""default"":null,""text"":""Flanking sequence"",""label"":""#008000""}}},""seq"":[{""style"":[1]},-2,{""style"":[1,-1,2]},{""style"":[2]},-41,{""style"":[2,-54,0]}],""flourishes"":{},""ref"":{""style"":[[0,""""],[0,""color:#1044ee""],[7,""cd6839""]]}},""url"":""/Homo_sapiens/Component/Transcript/Exons/exons?db=core;g=ENSG00000165841;r=10:94762681-94855547;t=ENST00000371321;time=1707232356076.076;adorn=only""}                GAAAACGGATTTGTGTGGGAGAGGGCCTGGCCCGCATGGAGCTGTTTTTATTCCTGACCTTCATTTTACAGAACTTTAACCTGAAATCTCTGATTGACCCAAAGGACCTTGACACAACTCCTGTTGTCAATGGATTTGCTTCTGTCCCGCCCTTCTATCAGCTGTGCTTCATTCCTGTCTGAAGAAGCACAGATGGTCTGGCTGCTCCTGTGCTGTCCCTGCAGCTCTCTTTCCTCTGGTCCAAATTTCACTATCTGTGATGCTTCTTCTGACCCGTCATCTCACATTTTCCCTTCCCCCAAGATCTAGTGAACATTCAGCCTCCATTAAAAAAGTTTCACTGTGCAAATATATCTGCTATTCCCCATACTCTATAATAGTTACATTGAGTGCCACATAATGCTGATACTTGTCTAATGTTGAGTTATTAACATATTATTATTAAATAGAGAAAGATGATTTGTGTATTATAATTCAAAGGCATTTCTTCTCTGCATGTTCTAAACAAAAAGCATTATTATTTGCTGAGTCAGGTTATTAGACCTTCCTTCCTTTGTGCATAATGCAGGTGACAAATTAAAGAAAATAGAGTTCCAGGAGGCCATGCTGGTTCTCAAAACGATAAGGACAGAAAGGACAAAGGTGAAGATGGTAGGGAAGCTATTTTGGCTGAGCATTACCAAAATTTAGAGTTACATGAGGATTGGATTTGAAAGTGAGAAACTGTGTCCAGGAGCAGCTCCAACCTCTAGGGAAATATTCAGAGGATCAGGTATTGGGAGGAATGGATATTAAATGTTCCACATTGGTGTTCCTTTTTTTTTTTTTTTTGAGACAATGTCTCACTCTGTCTCCCAGGCTGGAGTGCAGTGGTGCAATCTCGGCTCACTGTAACCTTCGCCTCCCAGGCTCAAGAGATTCTCCTGCCTCAGCCTCCTGAGTAGCTGGGATTACAGACACGTGCCACCATGCCTGGCTAATTTTTTTGTATTTTTAGTACAGACAGGGTTTCACCATGTTAGCCAGGATGATCTCAATCTGCTGACCTCCTGATCTGCCTGCCTCAGCCTCCCAAAGTGCTGGGATTACAGGAGTGAGACACTGTGCCTGGTCTAATGTTACTTTAAAGTGTCATTACTTTATCTCTAAATAAAGAATCAGGTTACTTTTATTACTTCATGTTTCCAACTTAGAATGAAGTAATGAAGTATAAATATATGCTTTCATATTGCTGCTCATGTGTTTTGTCATGCTTCTCTCTTCAAACATGAACAAAATTTCTTTTCTTTTTTCTTTTTTTTTTGAAATGGAGTCCCACTTTTGTTCCCCAGGCTGGAGTGCAATGGTGCGATCTCGGCTCACTGCAATCTCCACCTCCTGGATTCAAGTGGTTCTCCTGCCTCAGCCCCCCAAGTAGCTGGGATTACAGGTGCCTACCACCACACCAGGCTAATTTTTGTATTTTTAGTAGAGACAGGGTTTCACTATGTGGGCCAGGCTAGTCTTGAACTCCTGACCTCAAGTGATCCACCCACCTCAGCCTCCCAAACTGCTGGGCTTACAGGCGTGAGCCACTGCACCTGGCTGAACAAAATTTCTAAGAAGAATTACCAGGGTTTAATCTTTTTCAGCTTCTCCTATATTGTTTTAGTTTTAACATTAGTGGGATGATAATTTTATGCTATTGTCCTAATATAATTAGCCTCATGTCATCTCCAAAGCATAGACAACTAAGTATCTTATGTTAAATTATGTTCACCACTCTTCCTGTCTTCTACTTGAAATGTAAGAAATAAGAAGTAACATAATTGATTATGCTTTTCACAGCTCATCTCCTAGAACAAGCTACTTACAATTTGGAATACATTTAAAGATAATATATGGGTACAGATGTACATGTACATCTATGCATGTGTGTGTACATTATGTGCATTCACACATAATATATATATGTATAACTTATGCACACATACATATAGGGTTAAATGTTTATTTACAATATTGGGCTCATATCACACATCTTGTATTAAAACTTGCTATTTTCCTACCAAGTAATATGCCAGCAAAACCTCTAAGGTGATAGAAACATAGGCAAATAATTCAGAGAGTTAATAGAAGAGAAAGTGGAAATGGGTATTACATTAATGGAAAGATACAGATGGAAATTACACATTATACATTTTAAACATTCTTCATTGGGAAATGAAAATGTATTAATGTAGTGTTAGTAGAGGTGTTGACAAACACCCATGGGTGAGATAAATAAAAAAGTTGTCTAGTCTGTTTCCTCCTGGAGACTGTAGTGGATAATCTGTTTTCCTGCCTATTTCAGCTCCTAAAGGCTGCCTGCATTCCTTGGCTCATGAACTCCTTTTTCTTTCACTCCAAACACTTGCTTCTTTTGTTACATCTCCTACTCCTACTACTCTTATTCTCTCTCCCTTATGTAAAGACCCTTGTGATTACATGAAACCCACCAGTGTAATCTCTTCATGTCCAGACATTATTTAGCCTACCATACTATTATTATACCCATTTGAACAACCAAACAATTGCACTGATGATCTGTTAAGCATCTTGTTCAAGGTCACACAGCTTTTTAAGTGTCAGAGCCAACAATTGGACAAGGGCAATCTGACTGGAAAGTAGAAGTTGCTAACAACTTTGCTAATTCTCTGCATTTATTTTTATTGTTTGTATTTCTTCCCTAAAATACATATTTCATATGAGAAGAGAACTTTATTTGGCTCACTAATGAATACCAGCCACCTGAAACACTGTTTAGAAGATACTGGCTCAATAAATATTTAATGAA                     "
"","3' downstream sequence","","","","","","                              {""provisional"":{""seq"":[{""style"":[1]}],""legend"":{""_messages"":[],""exons/Introns"":{""utr"":{""text"":""UTR"",""label"":""#cd6839"",""class"":""eu"",""default"":null},""exon1"":{""label"":""#1044ee"",""text"":""Translated sequence"",""default"":null,""class"":""e1""},""intron"":{""text"":""Intron sequence"",""label"":""#aaaaaa"",""default"":null,""class"":""ei""},""flanking"":{""default"":null,""class"":""ef"",""text"":""Flanking sequence"",""label"":""#008000""}}},""expect"":[],""ref"":{""style"":[[0,""""],[0,""color:#008000""]]},""flourishes"":{}},""url"":""/Homo_sapiens/Component/Transcript/Exons/exons?db=core;g=ENSG00000165841;r=10:94762681-94855547;t=ENST00000371321;time=1707232356076.076;adorn=only""}                tgaatgactacttaatgaattaatgaatgaatgtgggcataaaggagcac..........                "
