"No.","Exon / Intron","Start","End","Start Phase","End Phase","Length","Sequence"
"","5' upstream sequence","","","","","","                              {""provisional"":{""expect"":[],""legend"":{""exons/Introns"":{""flanking"":{""class"":""ef"",""default"":null,""text"":""Flanking sequence"",""label"":""#008000""}},""_messages"":[]},""seq"":[{""style"":[1]}],""flourishes"":{},""ref"":{""style"":[[0,""""],[0,""color:#008000""]]}},""url"":""/Homo_sapiens/Component/Transcript/Exons/exons?db=core;g=ENSG00000197408;r=19:40991282-41018398;t=ENST00000324071;time=1707232313139.139;adorn=only""}                ..........ggtgcagaggcagggtcaggataaaaggcccagttggaggctgcagcagg                "
"1","ENSE00001114738","40,991,282","40,991,476","-","0","195","                              {""provisional"":{""expect"":[],""legend"":{""exons/Introns"":{""utr"":{""text"":""UTR"",""label"":""#cd6839"",""class"":""eu"",""default"":null},""exon1"":{""label"":""#1044ee"",""text"":""Translated sequence"",""class"":""e1"",""default"":null},""flanking"":{""text"":""Flanking sequence"",""label"":""#008000"",""default"":null,""class"":""ef""}},""_messages"":[]},""seq"":[{""style"":[2,-23,1]},{""style"":[1]},-1,{""style"":[1,-14,0]}],""flourishes"":{},""ref"":{""style"":[[0,""""],[0,""color:#1044ee""],[7,""cd6839""]]}},""url"":""/Homo_sapiens/Component/Transcript/Exons/exons?db=core;g=ENSG00000197408;r=19:40991282-41018398;t=ENST00000324071;time=1707232313139.139;adorn=only""}                GTGCAGGGCAGTCAGACCAGGACCATGGAACTCAGCGTCCTCCTCTTCCTTGCACTCCTCACAGGACTCTTGCTACTCCTGGTTCAGCGCCACCCTAACACCCATGACCGCCTCCCACCAGGGCCCCGCCCTCTGCCCCTTTTGGGAAACCTTCTGCAGATGGATAGAAGAGGCCTACTCAAATCCTTTCTGAGG                                                             "
" ","Intron 1-2","40,991,477","41,004,000","","","12,524","                              {""provisional"":{""expect"":[],""legend"":{""exons/Introns"":{""flanking"":{""text"":""Flanking sequence"",""label"":""#008000"",""class"":""ef"",""default"":null},""utr"":{""text"":""UTR"",""label"":""#cd6839"",""default"":null,""class"":""eu""},""exon1"":{""default"":null,""class"":""e1"",""label"":""#1044ee"",""text"":""Translated sequence""},""intron"":{""text"":""Intron sequence"",""label"":""#aaaaaa"",""default"":null,""class"":""ei""}},""_messages"":[]},""seq"":[{""style"":[1]}],""flourishes"":{},""ref"":{""style"":[[0,""""],[0,""color:#aaaaaa""]]}},""url"":""/Homo_sapiens/Component/Transcript/Exons/exons?db=core;g=ENSG00000197408;r=19:40991282-41018398;t=ENST00000324071;time=1707232313139.139;adorn=only""}                gtaagacacagacgaatggggtctg..........cccctggtgtggatgtgattggcag                "
"2","ENSE00003472814","41,004,001","41,004,163","0","1","163","                              {""provisional"":{""flourishes"":{},""ref"":{""style"":[[0,""""],[0,""color:#1044ee""]]},""expect"":[],""legend"":{""exons/Introns"":{""flanking"":{""text"":""Flanking sequence"",""label"":""#008000"",""class"":""ef"",""default"":null},""utr"":{""class"":""eu"",""default"":null,""text"":""UTR"",""label"":""#cd6839""},""exon1"":{""class"":""e1"",""default"":null,""label"":""#1044ee"",""text"":""Translated sequence""},""intron"":{""text"":""Intron sequence"",""label"":""#aaaaaa"",""default"":null,""class"":""ei""}},""_messages"":[]},""seq"":[{""style"":[1]},-1,{""style"":[1,-42,0]}]},""url"":""/Homo_sapiens/Component/Transcript/Exons/exons?db=core;g=ENSG00000197408;r=19:40991282-41018398;t=ENST00000324071;time=1707232313139.139;adorn=only""}                TTCCGAGAGAAATATGGGGACGTCTTCACGGTACACCTGGGACCGAGGCCCGTGGTCATGCTGTGTGGAGTAGAGGCCATACGGGAGGCCCTTGTGGACAAGGCTGAGGCCTTCTCTGGCCGGGGAAAAATCGCCATGGTCGACCCATTCTTCCGGGGATATG                                 "
" ","Intron 2-3","41,004,164","41,004,296","","","133","                              {""provisional"":{""expect"":[],""legend"":{""exons/Introns"":{""flanking"":{""label"":""#008000"",""text"":""Flanking sequence"",""class"":""ef"",""default"":null},""utr"":{""default"":null,""class"":""eu"",""text"":""UTR"",""label"":""#cd6839""},""exon1"":{""label"":""#1044ee"",""text"":""Translated sequence"",""class"":""e1"",""default"":null},""intron"":{""class"":""ei"",""default"":null,""text"":""Intron sequence"",""label"":""#aaaaaa""}},""_messages"":[]},""seq"":[{""style"":[1]}],""flourishes"":{},""ref"":{""style"":[[0,""""],[0,""color:#aaaaaa""]]}},""url"":""/Homo_sapiens/Component/Transcript/Exons/exons?db=core;g=ENSG00000197408;r=19:40991282-41018398;t=ENST00000324071;time=1707232313139.139;adorn=only""}                gtgagagcctcagaggcactgggag..........aacccacacctcccctgcaccccag                "
"3","ENSE00003658654","41,004,297","41,004,446","1","1","150","                              {""provisional"":{""flourishes"":{},""ref"":{""style"":[[0,""""],[0,""color:#1044ee""]]},""expect"":[],""legend"":{""exons/Introns"":{""flanking"":{""text"":""Flanking sequence"",""label"":""#008000"",""class"":""ef"",""default"":null},""utr"":{""label"":""#cd6839"",""text"":""UTR"",""class"":""eu"",""default"":null},""exon1"":{""class"":""e1"",""default"":null,""label"":""#1044ee"",""text"":""Translated sequence""},""intron"":{""text"":""Intron sequence"",""label"":""#aaaaaa"",""class"":""ei"",""default"":null}},""_messages"":[]},""seq"":[{""style"":[1]},-1,{""style"":[1,-29,0]}]},""url"":""/Homo_sapiens/Component/Transcript/Exons/exons?db=core;g=ENSG00000197408;r=19:40991282-41018398;t=ENST00000324071;time=1707232313139.139;adorn=only""}                GTGTGATCTTTGCCAATGGAAACCGCTGGAAGGTGCTTCGGCGATTCTCTGTGACCACTATGAGGGACTTCGGGATGGGAAAGCGGAGTGTGGAGGAGCGGATTCAGGAGGAGGCTCAGTGTCTGATAGAGGAGCTTCGGAAATCCAAGG                                              "
" ","Intron 3-4","41,004,447","41,006,904","","","2,458","                              {""url"":""/Homo_sapiens/Component/Transcript/Exons/exons?db=core;g=ENSG00000197408;r=19:40991282-41018398;t=ENST00000324071;time=1707232313139.139;adorn=only"",""provisional"":{""ref"":{""style"":[[0,""""],[0,""color:#aaaaaa""]]},""flourishes"":{},""legend"":{""exons/Introns"":{""flanking"":{""class"":""ef"",""default"":null,""label"":""#008000"",""text"":""Flanking sequence""},""utr"":{""default"":null,""class"":""eu"",""text"":""UTR"",""label"":""#cd6839""},""exon1"":{""label"":""#1044ee"",""text"":""Translated sequence"",""default"":null,""class"":""e1""},""intron"":{""class"":""ei"",""default"":null,""label"":""#aaaaaa"",""text"":""Intron sequence""}},""_messages"":[]},""seq"":[{""style"":[1]}],""expect"":[]}}                gtgagtcctgggggatgaataggaa..........tccttgacctgctgcttcttcctag                "
"4","ENSE00003613843","41,006,905","41,007,065","1","0","161","                              {""url"":""/Homo_sapiens/Component/Transcript/Exons/exons?db=core;g=ENSG00000197408;r=19:40991282-41018398;t=ENST00000324071;time=1707232313139.139;adorn=only"",""provisional"":{""ref"":{""style"":[[0,""""],[0,""color:#1044ee""]]},""flourishes"":{},""seq"":[{""style"":[1]},-1,{""style"":[1,-40,0]}],""legend"":{""exons/Introns"":{""flanking"":{""label"":""#008000"",""text"":""Flanking sequence"",""class"":""ef"",""default"":null},""utr"":{""text"":""UTR"",""label"":""#cd6839"",""class"":""eu"",""default"":null},""exon1"":{""default"":null,""class"":""e1"",""label"":""#1044ee"",""text"":""Translated sequence""},""intron"":{""class"":""ei"",""default"":null,""label"":""#aaaaaa"",""text"":""Intron sequence""}},""_messages"":[]},""expect"":[]}}                GGGCCCTCATGGACCCCACCTTCCTCTTCCAGTCCATTACCGCCAACATCATCTGCTCCATCGTCTTTGGAAAACGATTCCACTACCAAGATCAAGAGTTCCTGAAGATGCTGAACTTGTTCTACCAGACTTTTTCACTCATCAGCTCTGTATTCGGCCAG                                   "
" ","Intron 4-5","41,007,066","41,009,218","","","2,153","                              {""provisional"":{""expect"":[],""seq"":[{""style"":[1]}],""legend"":{""exons/Introns"":{""flanking"":{""default"":null,""class"":""ef"",""label"":""#008000"",""text"":""Flanking sequence""},""utr"":{""text"":""UTR"",""label"":""#cd6839"",""default"":null,""class"":""eu""},""exon1"":{""class"":""e1"",""default"":null,""text"":""Translated sequence"",""label"":""#1044ee""},""intron"":{""text"":""Intron sequence"",""label"":""#aaaaaa"",""class"":""ei"",""default"":null}},""_messages"":[]},""flourishes"":{},""ref"":{""style"":[[0,""""],[0,""color:#aaaaaa""]]}},""url"":""/Homo_sapiens/Component/Transcript/Exons/exons?db=core;g=ENSG00000197408;r=19:40991282-41018398;t=ENST00000324071;time=1707232313139.139;adorn=only""}                gtcagggagacggagagggacaggg..........cctcaccaccccttctttcttgcag                "
"5","ENSE00002519851","41,009,219","41,009,395","0","0","177","                              {""provisional"":{""flourishes"":{},""ref"":{""style"":[[0,""""],[0,""color:#1044ee""]]},""expect"":[],""seq"":[{""style"":[1]},-1,{""style"":[1,-56,0]}],""legend"":{""exons/Introns"":{""flanking"":{""text"":""Flanking sequence"",""label"":""#008000"",""default"":null,""class"":""ef""},""utr"":{""default"":null,""class"":""eu"",""label"":""#cd6839"",""text"":""UTR""},""exon1"":{""text"":""Translated sequence"",""label"":""#1044ee"",""class"":""e1"",""default"":null},""intron"":{""default"":null,""class"":""ei"",""text"":""Intron sequence"",""label"":""#aaaaaa""}},""_messages"":[]}},""url"":""/Homo_sapiens/Component/Transcript/Exons/exons?db=core;g=ENSG00000197408;r=19:40991282-41018398;t=ENST00000324071;time=1707232313139.139;adorn=only""}                CTGTTTGAGCTCTTCTCTGGCTTCTTGAAATACTTTCCTGGGGCACACAGGCAAGTTTACAAAAACCTGCAGGAAATCAATGCTTACATTGGCCACAGTGTGGAGAAGCACCGTGAAACCCTGGACCCCAGCGCCCCCAAGGACCTCATCGACACCTACCTGCTCCACATGGAAAAA                   "
" ","Intron 5-6","41,009,396","41,009,993","","","598","                              {""provisional"":{""seq"":[{""style"":[1]}],""legend"":{""exons/Introns"":{""flanking"":{""text"":""Flanking sequence"",""label"":""#008000"",""class"":""ef"",""default"":null},""utr"":{""label"":""#cd6839"",""text"":""UTR"",""class"":""eu"",""default"":null},""exon1"":{""default"":null,""class"":""e1"",""label"":""#1044ee"",""text"":""Translated sequence""},""intron"":{""default"":null,""class"":""ei"",""label"":""#aaaaaa"",""text"":""Intron sequence""}},""_messages"":[]},""expect"":[],""ref"":{""style"":[[0,""""],[0,""color:#aaaaaa""]]},""flourishes"":{}},""url"":""/Homo_sapiens/Component/Transcript/Exons/exons?db=core;g=ENSG00000197408;r=19:40991282-41018398;t=ENST00000324071;time=1707232313139.139;adorn=only""}                gtggggtctgggagaggaaaaaggg..........ccttccttccctactgtggacgcag                "
"6","ENSE00002488696","41,009,994","41,010,135","0","1","142","                              {""provisional"":{""flourishes"":{},""ref"":{""style"":[[0,""""],[0,""color:#1044ee""]]},""expect"":[],""seq"":[{""style"":[1]},-1,{""style"":[1,-21,0]}],""legend"":{""exons/Introns"":{""flanking"":{""class"":""ef"",""default"":null,""text"":""Flanking sequence"",""label"":""#008000""},""utr"":{""default"":null,""class"":""eu"",""text"":""UTR"",""label"":""#cd6839""},""exon1"":{""default"":null,""class"":""e1"",""text"":""Translated sequence"",""label"":""#1044ee""},""intron"":{""default"":null,""class"":""ei"",""label"":""#aaaaaa"",""text"":""Intron sequence""}},""_messages"":[]}},""url"":""/Homo_sapiens/Component/Transcript/Exons/exons?db=core;g=ENSG00000197408;r=19:40991282-41018398;t=ENST00000324071;time=1707232313139.139;adorn=only""}                GAGAAATCCAACGCACACAGTGAATTCAGCCACCAGAACCTCAACCTCAACACGCTCTCGCTCTTCTTTGCTGGCACTGAGACCACCAGCACCACTCTCCGCTACGGCTTCCTGCTCATGCTCAAATACCCTCATGTTGCAG                                                      "
" ","Intron 6-7","41,010,136","41,012,297","","","2,162","                              {""provisional"":{""expect"":[],""legend"":{""exons/Introns"":{""flanking"":{""default"":null,""class"":""ef"",""label"":""#008000"",""text"":""Flanking sequence""},""utr"":{""label"":""#cd6839"",""text"":""UTR"",""default"":null,""class"":""eu""},""exon1"":{""text"":""Translated sequence"",""label"":""#1044ee"",""class"":""e1"",""default"":null},""intron"":{""text"":""Intron sequence"",""label"":""#aaaaaa"",""class"":""ei"",""default"":null}},""_messages"":[]},""seq"":[{""style"":[1]}],""flourishes"":{},""ref"":{""style"":[[0,""""],[0,""color:#aaaaaa""]]}},""url"":""/Homo_sapiens/Component/Transcript/Exons/exons?db=core;g=ENSG00000197408;r=19:40991282-41018398;t=ENST00000324071;time=1707232313139.139;adorn=only""}                gtgggccagggacagccagtcaagg..........ttcattggtcttcttttctgtacag                "
"7","ENSE00003580431","41,012,298","41,012,485","1","0","188","                              {""provisional"":{""expect"":[],""seq"":[{""style"":[1]},-2,{""style"":[1,-7,0]}],""legend"":{""exons/Introns"":{""flanking"":{""text"":""Flanking sequence"",""label"":""#008000"",""default"":null,""class"":""ef""},""utr"":{""label"":""#cd6839"",""text"":""UTR"",""class"":""eu"",""default"":null},""exon1"":{""default"":null,""class"":""e1"",""text"":""Translated sequence"",""label"":""#1044ee""},""intron"":{""default"":null,""class"":""ei"",""label"":""#aaaaaa"",""text"":""Intron sequence""}},""_messages"":[]},""flourishes"":{},""ref"":{""style"":[[0,""""],[0,""color:#1044ee""]]}},""url"":""/Homo_sapiens/Component/Transcript/Exons/exons?db=core;g=ENSG00000197408;r=19:40991282-41018398;t=ENST00000324071;time=1707232313139.139;adorn=only""}                AGAGAGTCTACAGGGAGATTGAACAGGTGATTGGCCCACATCGCCCTCCAGAGCTTCATGACCGAGCCAAAATGCCATACACAGAGGCAGTCATCTATGAGATTCAGAGATTTTCCGACCTTCTCCCCATGGGTGTGCCCCACATTGTCACCCAACACACCAGCTTCCGAGGGTACATCATCCCCAAG                                                                    "
" ","Intron 7-8","41,012,486","41,012,673","","","188","                              {""url"":""/Homo_sapiens/Component/Transcript/Exons/exons?db=core;g=ENSG00000197408;r=19:40991282-41018398;t=ENST00000324071;time=1707232313139.139;adorn=only"",""provisional"":{""expect"":[],""legend"":{""exons/Introns"":{""flanking"":{""class"":""ef"",""default"":null,""label"":""#008000"",""text"":""Flanking sequence""},""utr"":{""label"":""#cd6839"",""text"":""UTR"",""default"":null,""class"":""eu""},""exon1"":{""class"":""e1"",""default"":null,""text"":""Translated sequence"",""label"":""#1044ee""},""intron"":{""label"":""#aaaaaa"",""text"":""Intron sequence"",""class"":""ei"",""default"":null}},""_messages"":[]},""seq"":[{""style"":[1]}],""flourishes"":{},""ref"":{""style"":[[0,""""],[0,""color:#aaaaaa""]]}}}                gtaagaccggctggaaccccatagc..........ttttgatcttgtgatcctccctcag                "
"8","ENSE00002507880","41,012,674","41,012,815","0","1","142","                              {""url"":""/Homo_sapiens/Component/Transcript/Exons/exons?db=core;g=ENSG00000197408;r=19:40991282-41018398;t=ENST00000324071;time=1707232313139.139;adorn=only"",""provisional"":{""legend"":{""exons/Introns"":{""flanking"":{""default"":null,""class"":""ef"",""label"":""#008000"",""text"":""Flanking sequence""},""utr"":{""class"":""eu"",""default"":null,""label"":""#cd6839"",""text"":""UTR""},""exon1"":{""label"":""#1044ee"",""text"":""Translated sequence"",""class"":""e1"",""default"":null},""intron"":{""default"":null,""class"":""ei"",""label"":""#aaaaaa"",""text"":""Intron sequence""}},""_messages"":[]},""seq"":[{""style"":[1]},-1,{""style"":[1,-21,0]}],""expect"":[],""ref"":{""style"":[[0,""""],[0,""color:#1044ee""]]},""flourishes"":{}}}                GACACAGAAGTATTTCTCATCCTGAGCACTGCTCTCCATGACCCACACTACTTTGAAAAACCAGACGCCTTCAATCCTGACCACTTTCTGGATGCCAATGGGGCACTGAAAAAGACTGAAGCTTTTATCCCCTTCTCCTTAG                                                      "
" ","Intron 8-9","41,012,816","41,016,645","","","3,830","                              {""provisional"":{""ref"":{""style"":[[0,""""],[0,""color:#aaaaaa""]]},""flourishes"":{},""seq"":[{""style"":[1]}],""legend"":{""exons/Introns"":{""flanking"":{""text"":""Flanking sequence"",""label"":""#008000"",""default"":null,""class"":""ef""},""utr"":{""default"":null,""class"":""eu"",""label"":""#cd6839"",""text"":""UTR""},""exon1"":{""text"":""Translated sequence"",""label"":""#1044ee"",""default"":null,""class"":""e1""},""intron"":{""text"":""Intron sequence"",""label"":""#aaaaaa"",""class"":""ei"",""default"":null}},""_messages"":[]},""expect"":[]},""url"":""/Homo_sapiens/Component/Transcript/Exons/exons?db=core;g=ENSG00000197408;r=19:40991282-41018398;t=ENST00000324071;time=1707232313139.139;adorn=only""}                gtaagctggacccacaatttctttc..........cactggtgaccttctgtgtccacag                "
"9","ENSE00001114718","41,016,646","41,018,398","1","-","1,753","                              {""provisional"":{""legend"":{""exons/Introns"":{""flanking"":{""default"":null,""class"":""ef"",""text"":""Flanking sequence"",""label"":""#008000""},""utr"":{""default"":null,""class"":""eu"",""text"":""UTR"",""label"":""#cd6839""},""exon1"":{""text"":""Translated sequence"",""label"":""#1044ee"",""class"":""e1"",""default"":null},""intron"":{""class"":""ei"",""default"":null,""label"":""#aaaaaa"",""text"":""Intron sequence""}},""_messages"":[]},""seq"":[{""style"":[1]},-2,{""style"":[1,-1,2]},{""style"":[2]},-24,{""style"":[2,-12,0]}],""expect"":[],""ref"":{""style"":[[0,""""],[0,""color:#1044ee""],[7,""cd6839""]]},""flourishes"":{}},""url"":""/Homo_sapiens/Component/Transcript/Exons/exons?db=core;g=ENSG00000197408;r=19:40991282-41018398;t=ENST00000324071;time=1707232313139.139;adorn=only""}                GGAAGCGGATTTGTCTTGGTGAAGGCATCGCCCGTGCGGAATTGTTCCTCTTCTTCACCACCATCCTCCAGAACTTCTCCATGGCCAGCCCCGTGGCCCCAGAAGACATCGATCTGACACCCCAGGAGTGTGGTGTGGGCAAAATACCCCCAACATACCAGATCCGCTTCCTGCCCCGCTGAAGGGGCTGAGGGAAGGGGGTCAAAGGATTCCAGGGTCATTCAGTGTCCCCGCCTCTGTAGACAATGGCTCTGACTCCCCGCAACTTCCTGCCTCTGAGAGACCTGCTACAAGCCAGCTTCCTTCCCCTCCATGGCACCAGTTGTCTGAGGTCACATTGCAAGTGAGTGCAGGAGTGAGATTATCGAAAATTATAATATACAAAATCATATATATATATATGTTCTTGTTTTTTGAGACAGAGTCTCACACTGTTGCCCAGGCTGGAGTGCAGTGGCGTGATCTCGGCTCACTGCAACCTCCACCCCCGGGGATCAAGCAACTCTCCTGCCTCAGCCTCCCTAGTAGCTGGGATTACAGGCATGCACTACCACGCTTGGCTAATTTTTGTATTTTTAGTAGAGATGGGGTTTCACTGTGTAGGCCAGGCTGGTCTCGAACTCCTGAACTCAAGTGATTCACCCACCTTAGCCTCCCAAAGTGCTGGGATTACAGGCGTGAGTCACCGTGCCCAGCCATGTATATATATAATTTTAAAAATTAAGCTGAAATTCACATAACATAAAATTAGCTGTTTTAAAGTGTAAAATTTAGTGGCGTGTGGTTCATTCACAAAGCTGTACAACCACCACCATCTAGTTCCAAACATTTTCTTTTTTTCTGAGATGGAGTCTCACTCTGTCACCCAGGTTCGAGTTCAGTGGTGCCATCTCTGTCCACTGCAACCTCCACATCCTGGGTTCAAGTGATTCTCCTGCCTCAGCCTCTGGAGGAGCTGGTATCACAGGCGTCCCCCACCACGCCTGGCTAAATTTTGTATTTTTAGGTGGTCTTGAACTCCTGATGTCAGGTGATTCTCCTAGCTCCAAATGTTTTCATTATCTCTCCCCCAACAAAACCCATACCTATCAAGCTGTCACTCCCCATACCCCATTCTCTTTTTCATCTCGGCCCCTGTCAATCTGGTTTTTGTCACTATGGACTTACCAATTCTGAATATTTCCCATAAACAGAATCATACAATATTTGATTTTTTTTTTTTTTTTGAAACTAAGCCTTGCTCTGTCTCCCAGGCTGGAGTGCTATGGTGCAATTTTTGTTCACTGCAACCTCTGCCTTCCAAGATCAAGAGATTCTCCAGTCTCAGCTCCCAAGTAGCTGGGATTACAGGCATGTACTACCATGCCTGGCTAATTTTCTTGTAGTTTTAGTAGGGACATGTTGGCCAGGCTGGTGGTGAGCTCCTGGCCTCAGGTGATCCACCCACCTCAGTGTTCCAAAGTGCTGATATTACAGGCATAATATGTGATCTTTTGTGTCTGGTTGCTTTCATGTTGAATGCTATTTTTGAGGTTCATGCCTGTTGTAGACCACAGTCACACACTGCTGTAGTCTTCCCCAGTCCTCATTCCCAGCTGCCTCTTCCTACTGCTTCCGTCTATCAAAAAGCCCCCTTGGCCCAGGTTCCCTGAGCTGTGGGATTCTGCACTGGTGCTTTGGATTCCCTGATATGTTCCTTCAAATCTGCTGAGAATTAAATAAACATCTCTAAAGCCTGACCTCCCCACGTCAA                                                               "
"","3' downstream sequence","","","","","","                              {""url"":""/Homo_sapiens/Component/Transcript/Exons/exons?db=core;g=ENSG00000197408;r=19:40991282-41018398;t=ENST00000324071;time=1707232313139.139;adorn=only"",""provisional"":{""flourishes"":{},""ref"":{""style"":[[0,""""],[0,""color:#008000""]]},""expect"":[],""seq"":[{""style"":[1]}],""legend"":{""exons/Introns"":{""flanking"":{""text"":""Flanking sequence"",""label"":""#008000"",""class"":""ef"",""default"":null},""utr"":{""text"":""UTR"",""label"":""#cd6839"",""default"":null,""class"":""eu""},""exon1"":{""label"":""#1044ee"",""text"":""Translated sequence"",""class"":""e1"",""default"":null},""intron"":{""class"":""ei"",""default"":null,""text"":""Intron sequence"",""label"":""#aaaaaa""}},""_messages"":[]}}}                gaggtgatctgtgccattttgtgtgtgattcttttattgtcgggtctcta..........                "
