"No.","Exon / Intron","Start","End","Start Phase","End Phase","Length","Sequence"
"","5' upstream sequence","","","","","","                              {""provisional"":{""expect"":[],""legend"":{""exons/Introns"":{""flanking"":{""text"":""Flanking sequence"",""label"":""#008000"",""class"":""ef"",""default"":null}},""_messages"":[]},""seq"":[{""style"":[1]}],""flourishes"":{},""ref"":{""style"":[[0,""""],[0,""color:#008000""]]}},""url"":""/Homo_sapiens/Component/Transcript/Exons/exons?db=core;g=ENSG00000149295;r=11:113409605-113475691;t=ENST00000362072;time=1707232836736.736;adorn=only""}                ..........cctccctcccgcgctccccgcgctcgggcgccgcagagctgtccagcttc                "
"1","ENSE00002282098","113,475,398","113,475,076","-","-","323","                              {""url"":""/Homo_sapiens/Component/Transcript/Exons/exons?db=core;g=ENSG00000149295;r=11:113409605-113475691;t=ENST00000362072;time=1707232836736.736;adorn=only"",""provisional"":{""ref"":{""style"":[[0,""""],[0,""color:#cd6839""]]},""flourishes"":{},""legend"":{""exons/Introns"":{""utr"":{""default"":null,""class"":""eu"",""text"":""UTR"",""label"":""#cd6839""},""exon1"":{""class"":""e1"",""default"":null,""text"":""Translated sequence"",""label"":""#1044ee""},""flanking"":{""label"":""#008000"",""text"":""Flanking sequence"",""class"":""ef"",""default"":null}},""_messages"":[]},""seq"":[{""style"":[1]},-4,{""style"":[1,-22,0]}],""expect"":[]}}                AGTGCCGAACCGGCAGCCTCACGCGCGCACCGCGCCGCCTCCGCCCCGTCCCCGCGCTCCCTCCTGCCCGCCCGCCCCGCGCCCGGCCCCGCCCCGCCCCGCCCCGCCGCGGCCCGTCCACTGCTCCCCGCGGGCCAGAGCCGGCCGAGCTGCTGCCCGCCGGGGCTCTGAACGGCGCGGCGGGGCCGGGAGCCAGGGACCGGCCGAGGAGAGTGGCGGCCCCGGACGGCTGCCGGAGGGGCGGCCGCGCGTGGATGCGGCGGGAGCTGGAAGCCTCAAGCAGCCGGCGCCGTCTCTGCCCCCGGGCGCCCTATGGCTTGAAG                                                     "
" ","Intron 1-2","113,475,075","113,424,683","","","50,393","                              {""provisional"":{""flourishes"":{},""ref"":{""style"":[[0,""""],[0,""color:#aaaaaa""]]},""expect"":[],""legend"":{""exons/Introns"":{""flanking"":{""text"":""Flanking sequence"",""label"":""#008000"",""class"":""ef"",""default"":null},""intron"":{""text"":""Intron sequence"",""label"":""#aaaaaa"",""default"":null,""class"":""ei""},""exon1"":{""label"":""#1044ee"",""text"":""Translated sequence"",""default"":null,""class"":""e1""},""utr"":{""label"":""#cd6839"",""text"":""UTR"",""class"":""eu"",""default"":null}},""_messages"":[]},""seq"":[{""style"":[1]}]},""url"":""/Homo_sapiens/Component/Transcript/Exons/exons?db=core;g=ENSG00000149295;r=11:113409605-113475691;t=ENST00000362072;time=1707232836736.736;adorn=only""}                gtaagcaccggccggatggagcggc..........ccttgtgtccatttttcctggccag                "
"2","ENSE00003665261","113,424,682","113,424,367","-","0","316","                              {""provisional"":{""flourishes"":{},""ref"":{""style"":[[0,""""],[0,""color:#1044ee""],[7,""cd6839""]]},""expect"":[],""legend"":{""exons/Introns"":{""flanking"":{""class"":""ef"",""default"":null,""text"":""Flanking sequence"",""label"":""#008000""},""intron"":{""label"":""#aaaaaa"",""text"":""Intron sequence"",""default"":null,""class"":""ei""},""exon1"":{""class"":""e1"",""default"":null,""text"":""Translated sequence"",""label"":""#1044ee""},""utr"":{""label"":""#cd6839"",""text"":""UTR"",""class"":""eu"",""default"":null}},""_messages"":[]},""seq"":[{""style"":[2,-30,1]},{""style"":[1]},-3,{""style"":[1,-15,0]}]},""url"":""/Homo_sapiens/Component/Transcript/Exons/exons?db=core;g=ENSG00000149295;r=11:113409605-113475691;t=ENST00000362072;time=1707232836736.736;adorn=only""}                AGCCTGGCCACCCAGTGGCTCCACCGCCCTGATGGATCCACTGAATCTGTCCTGGTATGATGATGATCTGGAGAGGCAGAACTGGAGCCGGCCCTTCAACGGGTCAGACGGGAAGGCGGACAGACCCCACTACAACTACTATGCCACACTGCTCACCCTGCTCATCGCTGTCATCGTCTTCGGCAACGTGCTGGTGTGCATGGCTGTGTCCCGCGAGAAGGCGCTGCAGACCACCACCAACTACCTGATCGTCAGCCTCGCAGTGGCCGACCTCCTCGTCGCCACACTGGTCATGCCCTGGGTTGTCTACCTGGAG                                                            "
" ","Intron 2-3","113,424,366","113,418,137","","","6,230","                              {""provisional"":{""legend"":{""exons/Introns"":{""flanking"":{""default"":null,""class"":""ef"",""text"":""Flanking sequence"",""label"":""#008000""},""intron"":{""class"":""ei"",""default"":null,""label"":""#aaaaaa"",""text"":""Intron sequence""},""exon1"":{""text"":""Translated sequence"",""label"":""#1044ee"",""default"":null,""class"":""e1""},""utr"":{""default"":null,""class"":""eu"",""text"":""UTR"",""label"":""#cd6839""}},""_messages"":[]},""seq"":[{""style"":[1]}],""expect"":[],""ref"":{""style"":[[0,""""],[0,""color:#aaaaaa""]]},""flourishes"":{}},""url"":""/Homo_sapiens/Component/Transcript/Exons/exons?db=core;g=ENSG00000149295;r=11:113409605-113475691;t=ENST00000362072;time=1707232836736.736;adorn=only""}                gtaggtgggccccctgcttgctcca..........atccattatgttgctttgtccccag                "
"3","ENSE00003641994","113,418,136","113,418,027","0","2","110","                              {""url"":""/Homo_sapiens/Component/Transcript/Exons/exons?db=core;g=ENSG00000149295;r=11:113409605-113475691;t=ENST00000362072;time=1707232836736.736;adorn=only"",""provisional"":{""expect"":[],""seq"":[{""style"":[1]},{""style"":[1,-49,0]}],""legend"":{""exons/Introns"":{""flanking"":{""default"":null,""class"":""ef"",""text"":""Flanking sequence"",""label"":""#008000""},""intron"":{""default"":null,""class"":""ei"",""label"":""#aaaaaa"",""text"":""Intron sequence""},""exon1"":{""class"":""e1"",""default"":null,""label"":""#1044ee"",""text"":""Translated sequence""},""utr"":{""default"":null,""class"":""eu"",""label"":""#cd6839"",""text"":""UTR""}},""_messages"":[]},""flourishes"":{},""ref"":{""style"":[[0,""""],[0,""color:#1044ee""]]}}}                GTGGTAGGTGAGTGGAAATTCAGCAGGATTCACTGTGACATCTTCGTCACTCTGGACGTCATGATGTGCACGGCGAGCATCCTGAACTTGTGTGCCATCAGCATCGACAG                          "
" ","Intron 3-4","113,418,026","113,417,000","","","1,027","                              {""provisional"":{""flourishes"":{},""ref"":{""style"":[[0,""""],[0,""color:#aaaaaa""]]},""expect"":[],""legend"":{""exons/Introns"":{""flanking"":{""default"":null,""class"":""ef"",""text"":""Flanking sequence"",""label"":""#008000""},""intron"":{""label"":""#aaaaaa"",""text"":""Intron sequence"",""default"":null,""class"":""ei""},""exon1"":{""class"":""e1"",""default"":null,""label"":""#1044ee"",""text"":""Translated sequence""},""utr"":{""label"":""#cd6839"",""text"":""UTR"",""class"":""eu"",""default"":null}},""_messages"":[]},""seq"":[{""style"":[1]}]},""url"":""/Homo_sapiens/Component/Transcript/Exons/exons?db=core;g=ENSG00000149295;r=11:113409605-113475691;t=ENST00000362072;time=1707232836736.736;adorn=only""}                gtgagcccagccagggtggaagagg..........gattcagggtcccccgcccttgcag                "
"4","ENSE00003790357","113,416,999","113,416,863","2","1","137","                              {""url"":""/Homo_sapiens/Component/Transcript/Exons/exons?db=core;g=ENSG00000149295;r=11:113409605-113475691;t=ENST00000362072;time=1707232836736.736;adorn=only"",""provisional"":{""flourishes"":{},""ref"":{""style"":[[0,""""],[0,""color:#1044ee""]]},""expect"":[],""seq"":[{""style"":[1]},-1,{""style"":[1,-16,0]}],""legend"":{""exons/Introns"":{""flanking"":{""default"":null,""class"":""ef"",""text"":""Flanking sequence"",""label"":""#008000""},""intron"":{""class"":""ei"",""default"":null,""label"":""#aaaaaa"",""text"":""Intron sequence""},""exon1"":{""default"":null,""class"":""e1"",""label"":""#1044ee"",""text"":""Translated sequence""},""utr"":{""default"":null,""class"":""eu"",""label"":""#cd6839"",""text"":""UTR""}},""_messages"":[]}}}                GTACACAGCTGTGGCCATGCCCATGCTGTACAATACGCGCTACAGCTCCAAGCGCCGGGTCACCGTCATGATCTCCATCGTCTGGGTCCTGTCCTTCACCATCTCCTGCCCACTCCTCTTCGGACTCAATAACGCAG                                                           "
" ","Intron 4-5","113,416,862","113,415,612","","","1,251","                              {""url"":""/Homo_sapiens/Component/Transcript/Exons/exons?db=core;g=ENSG00000149295;r=11:113409605-113475691;t=ENST00000362072;time=1707232836736.736;adorn=only"",""provisional"":{""expect"":[],""legend"":{""exons/Introns"":{""flanking"":{""default"":null,""class"":""ef"",""text"":""Flanking sequence"",""label"":""#008000""},""intron"":{""default"":null,""class"":""ei"",""label"":""#aaaaaa"",""text"":""Intron sequence""},""exon1"":{""label"":""#1044ee"",""text"":""Translated sequence"",""default"":null,""class"":""e1""},""utr"":{""class"":""eu"",""default"":null,""label"":""#cd6839"",""text"":""UTR""}},""_messages"":[]},""seq"":[{""style"":[1]}],""flourishes"":{},""ref"":{""style"":[[0,""""],[0,""color:#aaaaaa""]]}}}                gtacattctgcttttgtttgcctga..........cctgcccgggctctccctcccccag                "
"5","ENSE00003518665","113,415,611","113,415,421","1","0","191","                              {""provisional"":{""legend"":{""exons/Introns"":{""flanking"":{""default"":null,""class"":""ef"",""text"":""Flanking sequence"",""label"":""#008000""},""intron"":{""default"":null,""class"":""ei"",""label"":""#aaaaaa"",""text"":""Intron sequence""},""exon1"":{""label"":""#1044ee"",""text"":""Translated sequence"",""class"":""e1"",""default"":null},""utr"":{""label"":""#cd6839"",""text"":""UTR"",""class"":""eu"",""default"":null}},""_messages"":[]},""seq"":[{""style"":[1]},-2,{""style"":[1,-10,0]}],""expect"":[],""ref"":{""style"":[[0,""""],[0,""color:#1044ee""]]},""flourishes"":{}},""url"":""/Homo_sapiens/Component/Transcript/Exons/exons?db=core;g=ENSG00000149295;r=11:113409605-113475691;t=ENST00000362072;time=1707232836736.736;adorn=only""}                ACCAGAACGAGTGCATCATTGCCAACCCGGCCTTCGTGGTCTACTCCTCCATCGTCTCCTTCTACGTGCCCTTCATTGTCACCCTGCTGGTCTACATCAAGATCTACATTGTCCTCCGCAGACGCCGCAAGCGAGTCAACACCAAACGCAGCAGCCGAGCTTTCAGGGCCCACCTGAGGGCTCCACTAAAG                                                                 "
" ","Intron 5-6","113,415,420","113,414,462","","","959","                              {""provisional"":{""expect"":[],""legend"":{""exons/Introns"":{""flanking"":{""class"":""ef"",""default"":null,""text"":""Flanking sequence"",""label"":""#008000""},""intron"":{""label"":""#aaaaaa"",""text"":""Intron sequence"",""class"":""ei"",""default"":null},""exon1"":{""class"":""e1"",""default"":null,""text"":""Translated sequence"",""label"":""#1044ee""},""utr"":{""default"":null,""class"":""eu"",""label"":""#cd6839"",""text"":""UTR""}},""_messages"":[]},""seq"":[{""style"":[1]}],""flourishes"":{},""ref"":{""style"":[[0,""""],[0,""color:#aaaaaa""]]}},""url"":""/Homo_sapiens/Component/Transcript/Exons/exons?db=core;g=ENSG00000149295;r=11:113409605-113475691;t=ENST00000362072;time=1707232836736.736;adorn=only""}                gtctcaagacaccccccaaccaact..........acccatgtgctggctcactccacag                "
"6","ENSE00003475700","113,414,461","113,414,375","0","0","87","                              {""provisional"":{""legend"":{""exons/Introns"":{""flanking"":{""default"":null,""class"":""ef"",""label"":""#008000"",""text"":""Flanking sequence""},""intron"":{""text"":""Intron sequence"",""label"":""#aaaaaa"",""class"":""ei"",""default"":null},""exon1"":{""text"":""Translated sequence"",""label"":""#1044ee"",""default"":null,""class"":""e1""},""utr"":{""label"":""#cd6839"",""text"":""UTR"",""class"":""eu"",""default"":null}},""_messages"":[]},""seq"":[{""style"":[1]},{""style"":[1,-26,0]}],""expect"":[],""ref"":{""style"":[[0,""""],[0,""color:#1044ee""]]},""flourishes"":{}},""url"":""/Homo_sapiens/Component/Transcript/Exons/exons?db=core;g=ENSG00000149295;r=11:113409605-113475691;t=ENST00000362072;time=1707232836736.736;adorn=only""}                GGCAACTGTACTCACCCCGAGGACATGAAACTCTGCACCGTTATCATGAAGTCTAATGGGAGTTTCCCAGTGAACAGGCGGAGAGTG                                                 "
" ","Intron 6-7","113,414,374","113,412,884","","","1,491","                              {""url"":""/Homo_sapiens/Component/Transcript/Exons/exons?db=core;g=ENSG00000149295;r=11:113409605-113475691;t=ENST00000362072;time=1707232836736.736;adorn=only"",""provisional"":{""flourishes"":{},""ref"":{""style"":[[0,""""],[0,""color:#aaaaaa""]]},""expect"":[],""legend"":{""exons/Introns"":{""flanking"":{""default"":null,""class"":""ef"",""text"":""Flanking sequence"",""label"":""#008000""},""intron"":{""label"":""#aaaaaa"",""text"":""Intron sequence"",""default"":null,""class"":""ei""},""exon1"":{""text"":""Translated sequence"",""label"":""#1044ee"",""default"":null,""class"":""e1""},""utr"":{""default"":null,""class"":""eu"",""label"":""#cd6839"",""text"":""UTR""}},""_messages"":[]},""seq"":[{""style"":[1]}]}}                gtaagtgctcaggccagggacccag..........ccagagccctctgcctctggtgcag                "
"7","ENSE00001247012","113,412,883","113,412,556","0","1","328","                              {""url"":""/Homo_sapiens/Component/Transcript/Exons/exons?db=core;g=ENSG00000149295;r=11:113409605-113475691;t=ENST00000362072;time=1707232836736.736;adorn=only"",""provisional"":{""flourishes"":{},""ref"":{""style"":[[0,""""],[0,""color:#1044ee""]]},""expect"":[],""seq"":[{""style"":[1]},-4,{""style"":[1,-27,0]}],""legend"":{""exons/Introns"":{""flanking"":{""text"":""Flanking sequence"",""label"":""#008000"",""class"":""ef"",""default"":null},""intron"":{""text"":""Intron sequence"",""label"":""#aaaaaa"",""default"":null,""class"":""ei""},""exon1"":{""label"":""#1044ee"",""text"":""Translated sequence"",""class"":""e1"",""default"":null},""utr"":{""text"":""UTR"",""label"":""#cd6839"",""class"":""eu"",""default"":null}},""_messages"":[]}}}                GAGGCTGCCCGGCGAGCCCAGGAGCTGGAGATGGAGATGCTCTCCAGCACCAGCCCACCCGAGAGGACCCGGTACAGCCCCATCCCACCCAGCCACCACCAGCTGACTCTCCCCGACCCGTCCCACCATGGTCTCCACAGCACTCCCGACAGCCCCGCCAAACCAGAGAAGAATGGGCATGCCAAAGACCACCCCAAGATTGCCAAGATCTTTGAGATCCAGACCATGCCCAATGGCAAAACCCGGACCTCCCTCAAGACCATGAGCCGTAGGAAGCTCTCCCAGCAGAAGGAGAAGAAAGCCACTCAGATGCTCGCCATTGTTCTCG                                                "
" ","Intron 7-8","113,412,555","113,410,921","","","1,635","                              {""url"":""/Homo_sapiens/Component/Transcript/Exons/exons?db=core;g=ENSG00000149295;r=11:113409605-113475691;t=ENST00000362072;time=1707232836736.736;adorn=only"",""provisional"":{""seq"":[{""style"":[1]}],""legend"":{""exons/Introns"":{""flanking"":{""default"":null,""class"":""ef"",""text"":""Flanking sequence"",""label"":""#008000""},""intron"":{""label"":""#aaaaaa"",""text"":""Intron sequence"",""default"":null,""class"":""ei""},""exon1"":{""default"":null,""class"":""e1"",""label"":""#1044ee"",""text"":""Translated sequence""},""utr"":{""label"":""#cd6839"",""text"":""UTR"",""class"":""eu"",""default"":null}},""_messages"":[]},""expect"":[],""ref"":{""style"":[[0,""""],[0,""color:#aaaaaa""]]},""flourishes"":{}}}                gtgagtcggccctggctgctggcca..........agcctgaccatgccctctcccccag                "
"8","ENSE00003850884","113,410,920","113,409,605","1","-","1,316","                              {""provisional"":{""ref"":{""style"":[[0,""""],[0,""color:#1044ee""],[7,""cd6839""]]},""flourishes"":{},""seq"":[{""style"":[1]},-2,{""style"":[1,-13,2]},{""style"":[2]},-16,{""style"":[2,-55,0]}],""legend"":{""exons/Introns"":{""flanking"":{""class"":""ef"",""default"":null,""label"":""#008000"",""text"":""Flanking sequence""},""intron"":{""label"":""#aaaaaa"",""text"":""Intron sequence"",""class"":""ei"",""default"":null},""exon1"":{""class"":""e1"",""default"":null,""text"":""Translated sequence"",""label"":""#1044ee""},""utr"":{""text"":""UTR"",""label"":""#cd6839"",""class"":""eu"",""default"":null}},""_messages"":[]},""expect"":[]},""url"":""/Homo_sapiens/Component/Transcript/Exons/exons?db=core;g=ENSG00000149295;r=11:113409605-113475691;t=ENST00000362072;time=1707232836736.736;adorn=only""}                GCGTGTTCATCATCTGCTGGCTGCCCTTCTTCATCACACACATCCTGAACATACACTGTGACTGCAACATCCCGCCTGTCCTGTACAGCGCCTTCACGTGGCTGGGCTATGTCAACAGCGCCGTGAACCCCATCATCTACACCACCTTCAACATTGAGTTCCGCAAGGCCTTCCTGAAGATCCTCCACTGCTGACTCTGCTGCCTGCCCGCACAGCAGCCTGCTTCCCACCTCCCTGCCCAGGCCGGCCAGCCTCACCCTTGCGAACCGTGAGCAGGAAGGCCTGGGTGGATCGGCCTCCTCTTCACCCCGGCAGGCCCTGCAGTGTTCGCTTGGCTCCATGCTCCTCACTGCCCGCACACCCTCACTCTGCCAGGGCAGTGCTAGTGAGCTGGGCATGGTACCAGCCCTGGGGCTGGGCCCCCCAGCTCAGGGGCAGCTCATAGAGTCCCCCCTCCCACCTCCAGTCCCCCTATCCTTGGCACCAAAGATGCAGCCGCCTTCCTTGACCTTCCTCTGGGGCTCTAGGGTTGCTGGAGCCTGAGTCAGGGCCCAGAGGCTGAGTTTTCTCTTTGTGGGGCTTGGCGTGGAGCAGGCGGTGGGGAGAGATGGACAGTTCACACCCTGCAAGGCCCACAGGAGGCAAGCAAGCTCTCTTGCCGAGGAGCCAGGCAACTTCAGTCCTGGGAGACCCATGTAAATACCAGACTGCAGGTTGGACCCCAGAGATTCCCAAGCCAAAAACCTTAGCTCCCTCCCGCACCCCGATGTGGACCTCTACTTTCCAGGCTAGTCCGGACCCACCTCACCCCGTTACAGCTCCCCAAGTGGTTTCCACATGCTCTGAGAAGAGGAGCCCTCATCTTGAAGGGCCCAGGAGGGTCTATGGGGAGAGGAACTCCTTGGCCTAGCCCACCCTGCTGCCTTCTGACGGCCCTGCAATGTATCCCTTCTCACAGCACATGCTGGCCAGCCTGGGGCCTGGCAGGGAGGTCAGGCCCTGGAACTCTATCTGGGCCTGGGCTAGGGGACATCAGAGGTTCTTTGAGGGACTGCCTCTGCCACACTCTGACGCAAAACCACTTTCCTTTTCTATTCCTTCTGGCCTTTCCTCTCTCCTGTTTCCCTTCCCTTCCACTGCCTCTGCCTTAGAGGAGCCCACGGCTAAGAGGCTGCTGAAAACCATCTGGCCTGGCCTGGCCCTGCCCTGAGGAAGGAGGGGAAGCTGCAGCTTGGGAGAGCCCCTGGGGCCTAGACTCTGTAACATCACTATCCATGCACCAAACTAATAAAACTTTGACGAGTCACCTTCCAGGA                    "
"","3' downstream sequence","","","","","","                              {""url"":""/Homo_sapiens/Component/Transcript/Exons/exons?db=core;g=ENSG00000149295;r=11:113409605-113475691;t=ENST00000362072;time=1707232836736.736;adorn=only"",""provisional"":{""ref"":{""style"":[[0,""""],[0,""color:#008000""]]},""flourishes"":{},""seq"":[{""style"":[1]}],""legend"":{""exons/Introns"":{""flanking"":{""default"":null,""class"":""ef"",""label"":""#008000"",""text"":""Flanking sequence""},""intron"":{""label"":""#aaaaaa"",""text"":""Intron sequence"",""default"":null,""class"":""ei""},""exon1"":{""default"":null,""class"":""e1"",""label"":""#1044ee"",""text"":""Translated sequence""},""utr"":{""text"":""UTR"",""label"":""#cd6839"",""class"":""eu"",""default"":null}},""_messages"":[]},""expect"":[]}}                cccctgggtagaaggcagcagtgccacttctgtgcttggcattcaagtat..........                "
