"No.","Exon / Intron","Start","End","Start Phase","End Phase","Length","Sequence"
"","5' upstream sequence","","","","","","                              {""url"":""/Homo_sapiens/Component/Transcript/Exons/exons?db=core;g=ENSG00000084207;r=11:67583742-67586656;t=ENST00000398606;time=1707233444483.483;adorn=only"",""provisional"":{""legend"":{""exons/Introns"":{""flanking"":{""default"":null,""class"":""ef"",""text"":""Flanking sequence"",""label"":""#008000""}},""_messages"":[]},""seq"":[{""style"":[1]}],""expect"":[],""ref"":{""style"":[[0,""""],[0,""color:#008000""]]},""flourishes"":{}}}                ..........cggagcggggcgggaccacccttataaggctcggaggccgcgaggccttc                "
"1","ENSE00001533853","67,583,812","67,583,844","-","1","33","                              {""provisional"":{""ref"":{""style"":[[0,""""],[0,""color:#1044ee""],[7,""cd6839""]]},""flourishes"":{},""legend"":{""exons/Introns"":{""exon1"":{""text"":""Translated sequence"",""label"":""#1044ee"",""class"":""e1"",""default"":null},""utr"":{""label"":""#cd6839"",""text"":""UTR"",""default"":null,""class"":""eu""},""flanking"":{""label"":""#008000"",""text"":""Flanking sequence"",""class"":""ef"",""default"":null}},""_messages"":[]},""seq"":[{""style"":[2,-31,1,0]}],""expect"":[]},""url"":""/Homo_sapiens/Component/Transcript/Exons/exons?db=core;g=ENSG00000084207;r=11:67583742-67586656;t=ENST00000398606;time=1707233444483.483;adorn=only""}                GCTGGAGTTTCGCCGCCGCAGTCTTCGCCACCA                                           "
" ","Intron 1-2","67,583,845","67,584,133","","","289","                              {""provisional"":{""flourishes"":{},""ref"":{""style"":[[0,""""],[0,""color:#aaaaaa""]]},""expect"":[],""legend"":{""exons/Introns"":{""flanking"":{""default"":null,""class"":""ef"",""text"":""Flanking sequence"",""label"":""#008000""},""intron"":{""default"":null,""class"":""ei"",""text"":""Intron sequence"",""label"":""#aaaaaa""},""exon1"":{""default"":null,""class"":""e1"",""text"":""Translated sequence"",""label"":""#1044ee""},""utr"":{""class"":""eu"",""default"":null,""text"":""UTR"",""label"":""#cd6839""}},""_messages"":[]},""seq"":[{""style"":[1]}]},""url"":""/Homo_sapiens/Component/Transcript/Exons/exons?db=core;g=ENSG00000084207;r=11:67583742-67586656;t=ENST00000398606;time=1707233444483.483;adorn=only""}                gtgagtacgcgcggcccgcgtcccc..........gcaaacttttctttgttcgctgcag                "
"2","ENSE00003491308","67,584,134","67,584,169","1","1","36","                              {""provisional"":{""ref"":{""style"":[[0,""""],[0,""color:#1044ee""]]},""flourishes"":{},""seq"":[{""style"":[1,-35,0]}],""legend"":{""exons/Introns"":{""flanking"":{""text"":""Flanking sequence"",""label"":""#008000"",""class"":""ef"",""default"":null},""intron"":{""text"":""Intron sequence"",""label"":""#aaaaaa"",""default"":null,""class"":""ei""},""exon1"":{""class"":""e1"",""default"":null,""text"":""Translated sequence"",""label"":""#1044ee""},""utr"":{""class"":""eu"",""default"":null,""label"":""#cd6839"",""text"":""UTR""}},""_messages"":[]},""expect"":[]},""url"":""/Homo_sapiens/Component/Transcript/Exons/exons?db=core;g=ENSG00000084207;r=11:67583742-67586656;t=ENST00000398606;time=1707233444483.483;adorn=only""}                TGCCGCCCTACACCGTGGTCTATTTCCCAGTTCGAG                                        "
" ","Intron 2-3","67,584,170","67,584,463","","","294","                              {""url"":""/Homo_sapiens/Component/Transcript/Exons/exons?db=core;g=ENSG00000084207;r=11:67583742-67586656;t=ENST00000398606;time=1707233444483.483;adorn=only"",""provisional"":{""flourishes"":{},""ref"":{""style"":[[0,""""],[0,""color:#aaaaaa""]]},""expect"":[],""seq"":[{""style"":[1]}],""legend"":{""exons/Introns"":{""flanking"":{""text"":""Flanking sequence"",""label"":""#008000"",""class"":""ef"",""default"":null},""intron"":{""class"":""ei"",""default"":null,""text"":""Intron sequence"",""label"":""#aaaaaa""},""exon1"":{""class"":""e1"",""default"":null,""text"":""Translated sequence"",""label"":""#1044ee""},""utr"":{""label"":""#cd6839"",""text"":""UTR"",""class"":""eu"",""default"":null}},""_messages"":[]}}}                gtaggagcatgtgtctggcagggaa..........atctcgtacttctccctccccgcag                "
"3","ENSE00003514541","67,584,464","67,584,570","1","0","107","                              {""url"":""/Homo_sapiens/Component/Transcript/Exons/exons?db=core;g=ENSG00000084207;r=11:67583742-67586656;t=ENST00000398606;time=1707233444483.483;adorn=only"",""provisional"":{""expect"":[],""seq"":[{""style"":[1]},{""style"":[1,-46,0]}],""legend"":{""exons/Introns"":{""flanking"":{""class"":""ef"",""default"":null,""label"":""#008000"",""text"":""Flanking sequence""},""intron"":{""class"":""ei"",""default"":null,""text"":""Intron sequence"",""label"":""#aaaaaa""},""exon1"":{""text"":""Translated sequence"",""label"":""#1044ee"",""class"":""e1"",""default"":null},""utr"":{""default"":null,""class"":""eu"",""text"":""UTR"",""label"":""#cd6839""}},""_messages"":[]},""flourishes"":{},""ref"":{""style"":[[0,""""],[0,""color:#1044ee""]]}}}                GCCGCTGCGCGGCCCTGCGCATGCTGCTGGCAGATCAGGGCCAGAGCTGGAAGGAGGAGGTGGTGACCGTGGAGACGTGGCAGGAGGGCTCACTCAAAGCCTCCTGC                             "
" ","Intron 3-4","67,584,571","67,584,684","","","114","                              {""provisional"":{""flourishes"":{},""ref"":{""style"":[[0,""""],[0,""color:#aaaaaa""]]},""expect"":[],""legend"":{""exons/Introns"":{""flanking"":{""label"":""#008000"",""text"":""Flanking sequence"",""default"":null,""class"":""ef""},""intron"":{""text"":""Intron sequence"",""label"":""#aaaaaa"",""class"":""ei"",""default"":null},""exon1"":{""text"":""Translated sequence"",""label"":""#1044ee"",""default"":null,""class"":""e1""},""utr"":{""label"":""#cd6839"",""text"":""UTR"",""default"":null,""class"":""eu""}},""_messages"":[]},""seq"":[{""style"":[1]}]},""url"":""/Homo_sapiens/Component/Transcript/Exons/exons?db=core;g=ENSG00000084207;r=11:67583742-67586656;t=ENST00000398606;time=1707233444483.483;adorn=only""}                gtaagtgaccatgcccgggcaaggg..........ccctgagccatgcctcccccaacag                "
"4","ENSE00003750846","67,584,685","67,584,772","0","1","88","                              {""url"":""/Homo_sapiens/Component/Transcript/Exons/exons?db=core;g=ENSG00000084207;r=11:67583742-67586656;t=ENST00000398606;time=1707233444483.483;adorn=only"",""provisional"":{""legend"":{""exons/Introns"":{""flanking"":{""class"":""ef"",""default"":null,""text"":""Flanking sequence"",""label"":""#008000""},""intron"":{""default"":null,""class"":""ei"",""label"":""#aaaaaa"",""text"":""Intron sequence""},""exon1"":{""class"":""e1"",""default"":null,""label"":""#1044ee"",""text"":""Translated sequence""},""utr"":{""label"":""#cd6839"",""text"":""UTR"",""class"":""eu"",""default"":null}},""_messages"":[]},""seq"":[{""style"":[1]},{""style"":[1,-27,0]}],""expect"":[],""ref"":{""style"":[[0,""""],[0,""color:#1044ee""]]},""flourishes"":{}}}                CTATACGGGCAGCTCCCCAAGTTCCAGGACGGAGACCTCACCCTGTACCAGTCCAATACCATCCTGCGTCACCTGGGCCGCACCCTTG                                                "
" ","Intron 4-5","67,584,773","67,585,137","","","365","                              {""url"":""/Homo_sapiens/Component/Transcript/Exons/exons?db=core;g=ENSG00000084207;r=11:67583742-67586656;t=ENST00000398606;time=1707233444483.483;adorn=only"",""provisional"":{""ref"":{""style"":[[0,""""],[0,""color:#aaaaaa""]]},""flourishes"":{},""legend"":{""exons/Introns"":{""flanking"":{""class"":""ef"",""default"":null,""label"":""#008000"",""text"":""Flanking sequence""},""intron"":{""text"":""Intron sequence"",""label"":""#aaaaaa"",""class"":""ei"",""default"":null},""exon1"":{""default"":null,""class"":""e1"",""label"":""#1044ee"",""text"":""Translated sequence""},""utr"":{""text"":""UTR"",""label"":""#cd6839"",""class"":""eu"",""default"":null}},""_messages"":[]},""seq"":[{""style"":[1]}],""expect"":[]}}                gtgagtcttgaacctccaagtccag..........cctgctcccctccacccaaccccag                "
"5","ENSE00003556693","67,585,138","67,585,241","1","0","104","                              {""provisional"":{""legend"":{""exons/Introns"":{""flanking"":{""default"":null,""class"":""ef"",""label"":""#008000"",""text"":""Flanking sequence""},""intron"":{""label"":""#aaaaaa"",""text"":""Intron sequence"",""class"":""ei"",""default"":null},""exon1"":{""text"":""Translated sequence"",""label"":""#1044ee"",""default"":null,""class"":""e1""},""utr"":{""default"":null,""class"":""eu"",""label"":""#cd6839"",""text"":""UTR""}},""_messages"":[]},""seq"":[{""style"":[1]},{""style"":[1,-43,0]}],""expect"":[],""ref"":{""style"":[[0,""""],[0,""color:#1044ee""]]},""flourishes"":{}},""url"":""/Homo_sapiens/Component/Transcript/Exons/exons?db=core;g=ENSG00000084207;r=11:67583742-67586656;t=ENST00000398606;time=1707233444483.483;adorn=only""}                GGCTCTATGGGAAGGACCAGCAGGAGGCAGCCCTGGTGGACATGGTGAATGACGGCGTGGAGGACCTCCGCTGCAAATACATCTCCCTCATCTACACCAACTAT                                "
" ","Intron 5-6","67,585,242","67,586,103","","","862","                              {""provisional"":{""legend"":{""exons/Introns"":{""flanking"":{""class"":""ef"",""default"":null,""text"":""Flanking sequence"",""label"":""#008000""},""intron"":{""class"":""ei"",""default"":null,""text"":""Intron sequence"",""label"":""#aaaaaa""},""exon1"":{""default"":null,""class"":""e1"",""label"":""#1044ee"",""text"":""Translated sequence""},""utr"":{""default"":null,""class"":""eu"",""label"":""#cd6839"",""text"":""UTR""}},""_messages"":[]},""seq"":[{""style"":[1]}],""expect"":[],""ref"":{""style"":[[0,""""],[0,""color:#aaaaaa""]]},""flourishes"":{}},""url"":""/Homo_sapiens/Component/Transcript/Exons/exons?db=core;g=ENSG00000084207;r=11:67583742-67586656;t=ENST00000398606;time=1707233444483.483;adorn=only""}                gtgagcatctgcaccagggttgggc..........gatgatacatggtggtgtctggcag                "
"6","ENSE00003615072","67,586,104","67,586,211","0","0","108","                              {""url"":""/Homo_sapiens/Component/Transcript/Exons/exons?db=core;g=ENSG00000084207;r=11:67583742-67586656;t=ENST00000398606;time=1707233444483.483;adorn=only"",""provisional"":{""legend"":{""exons/Introns"":{""flanking"":{""class"":""ef"",""default"":null,""text"":""Flanking sequence"",""label"":""#008000""},""intron"":{""class"":""ei"",""default"":null,""text"":""Intron sequence"",""label"":""#aaaaaa""},""exon1"":{""default"":null,""class"":""e1"",""text"":""Translated sequence"",""label"":""#1044ee""},""utr"":{""text"":""UTR"",""label"":""#cd6839"",""default"":null,""class"":""eu""}},""_messages"":[]},""seq"":[{""style"":[1]},{""style"":[1,-47,0]}],""expect"":[],""ref"":{""style"":[[0,""""],[0,""color:#1044ee""]]},""flourishes"":{}}}                GAGGCGGGCAAGGATGACTATGTGAAGGCACTGCCCGGGCAACTGAAGCCTTTTGAGACCCTGCTGTCCCAGAACCAGGGAGGCAAGACCTTCATTGTGGGAGACCAG                            "
" ","Intron 6-7","67,586,212","67,586,388","","","177","                              {""provisional"":{""seq"":[{""style"":[1]}],""legend"":{""exons/Introns"":{""flanking"":{""class"":""ef"",""default"":null,""label"":""#008000"",""text"":""Flanking sequence""},""intron"":{""default"":null,""class"":""ei"",""text"":""Intron sequence"",""label"":""#aaaaaa""},""exon1"":{""text"":""Translated sequence"",""label"":""#1044ee"",""class"":""e1"",""default"":null},""utr"":{""class"":""eu"",""default"":null,""text"":""UTR"",""label"":""#cd6839""}},""_messages"":[]},""expect"":[],""ref"":{""style"":[[0,""""],[0,""color:#aaaaaa""]]},""flourishes"":{}},""url"":""/Homo_sapiens/Component/Transcript/Exons/exons?db=core;g=ENSG00000084207;r=11:67583742-67586656;t=ENST00000398606;time=1707233444483.483;adorn=only""}                gtgagcatctggccccatgctgttc..........agtccctggcccccctgccctgcag                "
"7","ENSE00003822108","67,586,389","67,586,653","0","-","265","                              {""provisional"":{""legend"":{""exons/Introns"":{""flanking"":{""text"":""Flanking sequence"",""label"":""#008000"",""default"":null,""class"":""ef""},""intron"":{""label"":""#aaaaaa"",""text"":""Intron sequence"",""default"":null,""class"":""ei""},""exon1"":{""class"":""e1"",""default"":null,""label"":""#1044ee"",""text"":""Translated sequence""},""utr"":{""default"":null,""class"":""eu"",""label"":""#cd6839"",""text"":""UTR""}},""_messages"":[]},""seq"":[{""style"":[1]},-2,{""style"":[1,-8,2]},{""style"":[2,-24,0]}],""expect"":[],""ref"":{""style"":[[0,""""],[0,""color:#1044ee""],[7,""cd6839""]]},""flourishes"":{}},""url"":""/Homo_sapiens/Component/Transcript/Exons/exons?db=core;g=ENSG00000084207;r=11:67583742-67586656;t=ENST00000398606;time=1707233444483.483;adorn=only""}                ATCTCCTTCGCTGACTACAACCTGCTGGACTTGCTGCTGATCCATGAGGTCCTAGCCCCTGGCTGCCTGGATGCGTTCCCCCTGCTCTCAGCATATGTGGGGCGCCTCAGTGCCCGGCCCAAGCTCAAGGCCTTCCTGGCCTCCCCTGAGTACGTGAACCTCCCCATCAATGGCAACGGGAAACAGTGAGGGTTGGGGGGACTCTGAGCGGGAGGCAGAGTTTGCCTTCCTTTCTCCAGGACCAATAAAATTTCTAAGAGAGCTA                                                   "
"","3' downstream sequence","","","","","","                              {""provisional"":{""legend"":{""exons/Introns"":{""flanking"":{""label"":""#008000"",""text"":""Flanking sequence"",""class"":""ef"",""default"":null},""intron"":{""label"":""#aaaaaa"",""text"":""Intron sequence"",""class"":""ei"",""default"":null},""exon1"":{""class"":""e1"",""default"":null,""text"":""Translated sequence"",""label"":""#1044ee""},""utr"":{""class"":""eu"",""default"":null,""text"":""UTR"",""label"":""#cd6839""}},""_messages"":[]},""seq"":[{""style"":[1]}],""expect"":[],""ref"":{""style"":[[0,""""],[0,""color:#008000""]]},""flourishes"":{}},""url"":""/Homo_sapiens/Component/Transcript/Exons/exons?db=core;g=ENSG00000084207;r=11:67583742-67586656;t=ENST00000398606;time=1707233444483.483;adorn=only""}                ctatgagcactgtgtttcctgggacggggcttaggggttctcagcctcga..........                "
