"No.","Exon / Intron","Start","End","Start Phase","End Phase","Length","Sequence"
"","5' upstream sequence","","","","","","                              {""url"":""/Homo_sapiens/Component/Transcript/Exons/exons?db=core;g=ENSG00000234745;r=6:31269491-31357188;t=ENST00000412585;time=1707233497494.494;adorn=only"",""provisional"":{""flourishes"":{},""ref"":{""style"":[[0,""""],[0,""color:#008000""]]},""expect"":[],""legend"":{""exons/Introns"":{""flanking"":{""class"":""ef"",""default"":null,""label"":""#008000"",""text"":""Flanking sequence""}},""_messages"":[]},""seq"":[{""style"":[1]}]}}                ..........agcgtcgccgcggtcccagttctaaagtccccacgcacccacccggactc                "
"1","ENSE00001832377","31,357,179","31,357,086","-","1","94","                              {""provisional"":{""ref"":{""style"":[[0,""""],[0,""color:#1044ee""],[7,""cd6839""]]},""flourishes"":{},""seq"":[{""style"":[2,-20,1]},{""style"":[1,-33,0]}],""legend"":{""exons/Introns"":{""exon1"":{""class"":""e1"",""default"":null,""label"":""#1044ee"",""text"":""Translated sequence""},""utr"":{""label"":""#cd6839"",""text"":""UTR"",""class"":""eu"",""default"":null},""flanking"":{""default"":null,""class"":""ef"",""text"":""Flanking sequence"",""label"":""#008000""}},""_messages"":[]},""expect"":[]},""url"":""/Homo_sapiens/Component/Transcript/Exons/exons?db=core;g=ENSG00000234745;r=6:31269491-31357188;t=ENST00000412585;time=1707233497494.494;adorn=only""}                AGAGTCTCCTCAGACGCCGAGATGCTGGTCATGGCGCCCCGAACCGTCCTCCTGCTGCTCTCGGCGGCCCTGGCCCTGACCGAGACCTGGGCCG                                          "
" ","Intron 1-2","31,357,085","31,356,958","","","128","                              {""url"":""/Homo_sapiens/Component/Transcript/Exons/exons?db=core;g=ENSG00000234745;r=6:31269491-31357188;t=ENST00000412585;time=1707233497494.494;adorn=only"",""provisional"":{""flourishes"":{},""ref"":{""style"":[[0,""""],[0,""color:#aaaaaa""]]},""expect"":[],""seq"":[{""style"":[1]}],""legend"":{""exons/Introns"":{""flanking"":{""class"":""ef"",""default"":null,""label"":""#008000"",""text"":""Flanking sequence""},""intron"":{""class"":""ei"",""default"":null,""text"":""Intron sequence"",""label"":""#aaaaaa""},""exon1"":{""default"":null,""class"":""e1"",""text"":""Translated sequence"",""label"":""#1044ee""},""utr"":{""text"":""UTR"",""label"":""#cd6839"",""default"":null,""class"":""eu""}},""_messages"":[]}}}                gtgagtgcgggtcgggagggaaatg..........ggtctcagcccctcctcacccccag                "
"2","ENSE00001605232","31,356,957","31,356,688","1","1","270","                              {""provisional"":{""flourishes"":{},""ref"":{""style"":[[0,""""],[0,""color:#1044ee""]]},""expect"":[],""seq"":[{""style"":[1]},-3,{""style"":[1,-29,0]}],""legend"":{""exons/Introns"":{""flanking"":{""label"":""#008000"",""text"":""Flanking sequence"",""default"":null,""class"":""ef""},""intron"":{""class"":""ei"",""default"":null,""label"":""#aaaaaa"",""text"":""Intron sequence""},""exon1"":{""label"":""#1044ee"",""text"":""Translated sequence"",""default"":null,""class"":""e1""},""utr"":{""label"":""#cd6839"",""text"":""UTR"",""default"":null,""class"":""eu""}},""_messages"":[]}},""url"":""/Homo_sapiens/Component/Transcript/Exons/exons?db=core;g=ENSG00000234745;r=6:31269491-31357188;t=ENST00000412585;time=1707233497494.494;adorn=only""}                GCTCCCACTCCATGAGGTATTTCTACACCTCCGTGTCCCGGCCCGGCCGCGGGGAGCCCCGCTTCATCTCAGTGGGCTACGTGGACGACACCCAGTTCGTGAGGTTCGACAGCGACGCCGCGAGTCCGAGAGAGGAGCCGCGGGCGCCGTGGATAGAGCAGGAGGGGCCGGAGTATTGGGACCGGAACACACAGATCTACAAGGCCCAGGCACAGACTGACCGAGAGAGCCTGCGGAACCTGCGCGGCTACTACAACCAGAGCGAGGCCG                                              "
" ","Intron 2-3","31,356,687","31,356,443","","","245","                              {""provisional"":{""expect"":[],""legend"":{""exons/Introns"":{""flanking"":{""label"":""#008000"",""text"":""Flanking sequence"",""default"":null,""class"":""ef""},""intron"":{""default"":null,""class"":""ei"",""text"":""Intron sequence"",""label"":""#aaaaaa""},""exon1"":{""class"":""e1"",""default"":null,""text"":""Translated sequence"",""label"":""#1044ee""},""utr"":{""text"":""UTR"",""label"":""#cd6839"",""default"":null,""class"":""eu""}},""_messages"":[]},""seq"":[{""style"":[1]}],""flourishes"":{},""ref"":{""style"":[[0,""""],[0,""color:#aaaaaa""]]}},""url"":""/Homo_sapiens/Component/Transcript/Exons/exons?db=core;g=ENSG00000234745;r=6:31269491-31357188;t=ENST00000412585;time=1707233497494.494;adorn=only""}                gtgagtgaccccggcccggggcgca..........gggctgaccgcggggccggggccag                "
"3","ENSE00001672499","31,356,442","31,356,167","1","1","276","                              {""provisional"":{""flourishes"":{},""ref"":{""style"":[[0,""""],[0,""color:#1044ee""]]},""expect"":[],""seq"":[{""style"":[1]},-3,{""style"":[1,-35,0]}],""legend"":{""exons/Introns"":{""flanking"":{""text"":""Flanking sequence"",""label"":""#008000"",""class"":""ef"",""default"":null},""intron"":{""default"":null,""class"":""ei"",""label"":""#aaaaaa"",""text"":""Intron sequence""},""exon1"":{""label"":""#1044ee"",""text"":""Translated sequence"",""default"":null,""class"":""e1""},""utr"":{""label"":""#cd6839"",""text"":""UTR"",""class"":""eu"",""default"":null}},""_messages"":[]}},""url"":""/Homo_sapiens/Component/Transcript/Exons/exons?db=core;g=ENSG00000234745;r=6:31269491-31357188;t=ENST00000412585;time=1707233497494.494;adorn=only""}                GGTCTCACACCCTCCAGAGCATGTACGGCTGCGACGTGGGGCCGGACGGGCGCCTCCTCCGCGGGCATGACCAGTACGCCTACGACGGCAAGGATTACATCGCCCTGAACGAGGACCTGCGCTCCTGGACCGCCGCGGACACGGCGGCTCAGATCACCCAGCGCAAGTGGGAGGCGGCCCGTGAGGCGGAGCAGCGGAGAGCCTACCTGGAGGGCGAGTGCGTGGAGTGGCTCCGCAGATACCTGGAGAACGGGAAGGACAAGCTGGAGCGCGCTG                                        "
" ","Intron 3-4","31,356,166","31,355,593","","","574","                              {""provisional"":{""expect"":[],""legend"":{""exons/Introns"":{""flanking"":{""default"":null,""class"":""ef"",""label"":""#008000"",""text"":""Flanking sequence""},""intron"":{""label"":""#aaaaaa"",""text"":""Intron sequence"",""default"":null,""class"":""ei""},""exon1"":{""text"":""Translated sequence"",""label"":""#1044ee"",""class"":""e1"",""default"":null},""utr"":{""class"":""eu"",""default"":null,""label"":""#cd6839"",""text"":""UTR""}},""_messages"":[]},""seq"":[{""style"":[1]}],""flourishes"":{},""ref"":{""style"":[[0,""""],[0,""color:#aaaaaa""]]}},""url"":""/Homo_sapiens/Component/Transcript/Exons/exons?db=core;g=ENSG00000234745;r=6:31269491-31357188;t=ENST00000412585;time=1707233497494.494;adorn=only""}                gtaccaggggcagtggggagccttc..........tgaattttctgactcttcccatcag                "
"4","ENSE00003378475","31,355,592","31,355,317","1","1","276","                              {""provisional"":{""legend"":{""exons/Introns"":{""flanking"":{""class"":""ef"",""default"":null,""text"":""Flanking sequence"",""label"":""#008000""},""intron"":{""label"":""#aaaaaa"",""text"":""Intron sequence"",""default"":null,""class"":""ei""},""exon1"":{""label"":""#1044ee"",""text"":""Translated sequence"",""class"":""e1"",""default"":null},""utr"":{""default"":null,""class"":""eu"",""text"":""UTR"",""label"":""#cd6839""}},""_messages"":[]},""seq"":[{""style"":[1]},-3,{""style"":[1,-35,0]}],""expect"":[],""ref"":{""style"":[[0,""""],[0,""color:#1044ee""]]},""flourishes"":{}},""url"":""/Homo_sapiens/Component/Transcript/Exons/exons?db=core;g=ENSG00000234745;r=6:31269491-31357188;t=ENST00000412585;time=1707233497494.494;adorn=only""}                ACCCCCCAAAGACACACGTGACCCACCACCCCATCTCTGACCATGAGGCCACCCTGAGGTGCTGGGCCCTGGGTTTCTACCCTGCGGAGATCACACTGACCTGGCAGCGGGATGGCGAGGACCAAACTCAGGACACTGAGCTTGTGGAGACCAGACCAGCAGGAGATAGAACCTTCCAGAAGTGGGCAGCTGTGGTGGTGCCTTCTGGAGAAGAGCAGAGATACACATGCCATGTACAGCATGAGGGGCTGCCGAAGCCCCTCACCCTGAGATGGG                                        "
" ","Intron 4-5","31,355,316","31,355,224","","","93","                              {""url"":""/Homo_sapiens/Component/Transcript/Exons/exons?db=core;g=ENSG00000234745;r=6:31269491-31357188;t=ENST00000412585;time=1707233497494.494;adorn=only"",""provisional"":{""flourishes"":{},""ref"":{""style"":[[0,""""],[0,""color:#aaaaaa""]]},""expect"":[],""seq"":[{""style"":[1]}],""legend"":{""exons/Introns"":{""flanking"":{""label"":""#008000"",""text"":""Flanking sequence"",""class"":""ef"",""default"":null},""intron"":{""class"":""ei"",""default"":null,""text"":""Intron sequence"",""label"":""#aaaaaa""},""exon1"":{""text"":""Translated sequence"",""label"":""#1044ee"",""class"":""e1"",""default"":null},""utr"":{""label"":""#cd6839"",""text"":""UTR"",""default"":null,""class"":""eu""}},""_messages"":[]}}}                gtaaggagggggatgaggggtcata..........ccctcatcttcccctcctttcccag                "
"5","ENSE00001724119","31,355,223","31,355,107","1","1","117","                              {""url"":""/Homo_sapiens/Component/Transcript/Exons/exons?db=core;g=ENSG00000234745;r=6:31269491-31357188;t=ENST00000412585;time=1707233497494.494;adorn=only"",""provisional"":{""flourishes"":{},""ref"":{""style"":[[0,""""],[0,""color:#1044ee""]]},""expect"":[],""legend"":{""exons/Introns"":{""flanking"":{""text"":""Flanking sequence"",""label"":""#008000"",""class"":""ef"",""default"":null},""intron"":{""default"":null,""class"":""ei"",""label"":""#aaaaaa"",""text"":""Intron sequence""},""exon1"":{""text"":""Translated sequence"",""label"":""#1044ee"",""class"":""e1"",""default"":null},""utr"":{""text"":""UTR"",""label"":""#cd6839"",""default"":null,""class"":""eu""}},""_messages"":[]},""seq"":[{""style"":[1]},{""style"":[1,-56,0]}]}}                AGCCGTCTTCCCAGTCCACCGTCCCCATCGTGGGCATTGTTGCTGGCCTGGCTGTCCTAGCAGTTGTGGTCATCGGAGCTGTGGTCGCTGCTGTGATGTGTAGGAGGAAGAGTTCAG                   "
" ","Intron 5-6","31,355,106","31,354,666","","","441","                              {""provisional"":{""flourishes"":{},""ref"":{""style"":[[0,""""],[0,""color:#aaaaaa""]]},""expect"":[],""seq"":[{""style"":[1]}],""legend"":{""exons/Introns"":{""flanking"":{""default"":null,""class"":""ef"",""text"":""Flanking sequence"",""label"":""#008000""},""intron"":{""text"":""Intron sequence"",""label"":""#aaaaaa"",""default"":null,""class"":""ei""},""exon1"":{""label"":""#1044ee"",""text"":""Translated sequence"",""default"":null,""class"":""e1""},""utr"":{""text"":""UTR"",""label"":""#cd6839"",""default"":null,""class"":""eu""}},""_messages"":[]}},""url"":""/Homo_sapiens/Component/Transcript/Exons/exons?db=core;g=ENSG00000234745;r=6:31269491-31357188;t=ENST00000412585;time=1707233497494.494;adorn=only""}                gtagggaaggggtgaggggtggggt..........ctcacaggacattttcttcccacag                "
"6","ENSE00001629892","31,354,665","31,354,633","1","1","33","                              {""provisional"":{""expect"":[],""seq"":[{""style"":[1,-32,0]}],""legend"":{""exons/Introns"":{""flanking"":{""label"":""#008000"",""text"":""Flanking sequence"",""default"":null,""class"":""ef""},""intron"":{""label"":""#aaaaaa"",""text"":""Intron sequence"",""class"":""ei"",""default"":null},""exon1"":{""label"":""#1044ee"",""text"":""Translated sequence"",""default"":null,""class"":""e1""},""utr"":{""default"":null,""class"":""eu"",""text"":""UTR"",""label"":""#cd6839""}},""_messages"":[]},""flourishes"":{},""ref"":{""style"":[[0,""""],[0,""color:#1044ee""]]}},""url"":""/Homo_sapiens/Component/Transcript/Exons/exons?db=core;g=ENSG00000234745;r=6:31269491-31357188;t=ENST00000412585;time=1707233497494.494;adorn=only""}                GTGGAAAAGGAGGGAGCTACTCTCAGGCTGCGT                                           "
" ","Intron 6-7","31,354,632","31,354,527","","","106","                              {""provisional"":{""legend"":{""exons/Introns"":{""flanking"":{""class"":""ef"",""default"":null,""label"":""#008000"",""text"":""Flanking sequence""},""intron"":{""class"":""ei"",""default"":null,""text"":""Intron sequence"",""label"":""#aaaaaa""},""exon1"":{""class"":""e1"",""default"":null,""text"":""Translated sequence"",""label"":""#1044ee""},""utr"":{""default"":null,""class"":""eu"",""label"":""#cd6839"",""text"":""UTR""}},""_messages"":[]},""seq"":[{""style"":[1]}],""expect"":[],""ref"":{""style"":[[0,""""],[0,""color:#aaaaaa""]]},""flourishes"":{}},""url"":""/Homo_sapiens/Component/Transcript/Exons/exons?db=core;g=ENSG00000234745;r=6:31269491-31357188;t=ENST00000412585;time=1707233497494.494;adorn=only""}                gtaagtggtgggggtgggagtgtgg..........aggtcctgtttttgttctactccag                "
"7","ENSE00003481286","31,354,526","31,354,479","1","-","48","                              {""provisional"":{""ref"":{""style"":[[0,""""],[0,""color:#1044ee""],[7,""cd6839""]]},""flourishes"":{},""legend"":{""exons/Introns"":{""flanking"":{""text"":""Flanking sequence"",""label"":""#008000"",""default"":null,""class"":""ef""},""intron"":{""text"":""Intron sequence"",""label"":""#aaaaaa"",""default"":null,""class"":""ei""},""exon1"":{""default"":null,""class"":""e1"",""text"":""Translated sequence"",""label"":""#1044ee""},""utr"":{""class"":""eu"",""default"":null,""text"":""UTR"",""label"":""#cd6839""}},""_messages"":[]},""seq"":[{""style"":[1,-43,2,-3,0]}],""expect"":[]},""url"":""/Homo_sapiens/Component/Transcript/Exons/exons?db=core;g=ENSG00000234745;r=6:31269491-31357188;t=ENST00000412585;time=1707233497494.494;adorn=only""}                GCAGCGACAGTGCCCAGGGCTCTGATGTGTCTCTCACAGCTTGAAAAG                            "
" ","Intron 7-8","31,354,478","31,354,297","","","182","                              {""provisional"":{""legend"":{""exons/Introns"":{""flanking"":{""class"":""ef"",""default"":null,""text"":""Flanking sequence"",""label"":""#008000""},""intron"":{""label"":""#aaaaaa"",""text"":""Intron sequence"",""default"":null,""class"":""ei""},""exon1"":{""class"":""e1"",""default"":null,""text"":""Translated sequence"",""label"":""#1044ee""},""utr"":{""label"":""#cd6839"",""text"":""UTR"",""class"":""eu"",""default"":null}},""_messages"":[]},""seq"":[{""style"":[1]}],""expect"":[],""ref"":{""style"":[[0,""""],[0,""color:#aaaaaa""]]},""flourishes"":{}},""url"":""/Homo_sapiens/Component/Transcript/Exons/exons?db=core;g=ENSG00000234745;r=6:31269491-31357188;t=ENST00000412585;time=1707233497494.494;adorn=only""}                gtgagattcttggggtctagagtgg..........tgttcatgactgttgttttctgtag                "
"8","ENSE00003842742","31,354,296","31,353,875","-","-","422","                              {""provisional"":{""ref"":{""style"":[[0,""""],[0,""color:#cd6839""]]},""flourishes"":{},""seq"":[{""style"":[1]},-6,{""style"":[1,-1,0]}],""legend"":{""exons/Introns"":{""flanking"":{""default"":null,""class"":""ef"",""label"":""#008000"",""text"":""Flanking sequence""},""intron"":{""label"":""#aaaaaa"",""text"":""Intron sequence"",""class"":""ei"",""default"":null},""exon1"":{""label"":""#1044ee"",""text"":""Translated sequence"",""default"":null,""class"":""e1""},""utr"":{""text"":""UTR"",""label"":""#cd6839"",""default"":null,""class"":""eu""}},""_messages"":[]},""expect"":[]},""url"":""/Homo_sapiens/Component/Transcript/Exons/exons?db=core;g=ENSG00000234745;r=6:31269491-31357188;t=ENST00000412585;time=1707233497494.494;adorn=only""}                CCTGAGACAGCTGTCTTGTGAGGGACTGAGATGCAGGATTTCTTCACGCCTCCCCTTTGTGACTTCAAGAGCCTCTGGCATCTCTTTCTGCAAAGGCACCTGAATGTGTCTGCGTCCCTGTTAGCATAATGTGAGGAGGTGGAGAGACAGCCCACCCTTGTGTCCACTGTGACCCCTGTTCCCATGCTGACCTGTGTTTCCTCCCCAGTCATCTTTCTTGTTCCAGAGAGGTGGGGCTGGATGTCTCCATCTCTGTCTCAACTTTACGTGCACTGAGCTGCAACTTCTTACTTCCCTACTGAAAATAAGAATCTGAATATAAATTTGTTTTCTCAAATATTTGCTATGAGAGGTTGATGGATTAATTAAATAAGTCAATTCCTGGAATTTGAGAGAGCAAATAAAGACCTGAGAACCTTCCA                                                                          "
"","3' downstream sequence","","","","","","                              {""provisional"":{""flourishes"":{},""ref"":{""style"":[[0,""""],[0,""color:#008000""]]},""expect"":[],""seq"":[{""style"":[1]}],""legend"":{""exons/Introns"":{""flanking"":{""default"":null,""class"":""ef"",""text"":""Flanking sequence"",""label"":""#008000""},""intron"":{""text"":""Intron sequence"",""label"":""#aaaaaa"",""class"":""ei"",""default"":null},""exon1"":{""text"":""Translated sequence"",""label"":""#1044ee"",""default"":null,""class"":""e1""},""utr"":{""label"":""#cd6839"",""text"":""UTR"",""class"":""eu"",""default"":null}},""_messages"":[]}},""url"":""/Homo_sapiens/Component/Transcript/Exons/exons?db=core;g=ENSG00000234745;r=6:31269491-31357188;t=ENST00000412585;time=1707233497494.494;adorn=only""}                gaatctgcatgttcgctgtgctgagtctgttgcaggtggggtgtggagaa..........                "
