"No.","Exon / Intron","Start","End","Start Phase","End Phase","Length","Sequence"
"","5' upstream sequence","","","","","","                              {""url"":""/Homo_sapiens/Component/Transcript/Exons/exons?db=core;g=ENSG00000197110;r=19:39243553-39245129;t=ENST00000613087;time=1707234184081.081;adorn=only"",""provisional"":{""flourishes"":{},""ref"":{""style"":[[0,""""],[0,""color:#008000""]]},""expect"":[],""seq"":[{""style"":[1]}],""legend"":{""_messages"":[],""exons/Introns"":{""flanking"":{""label"":""#008000"",""text"":""Flanking sequence"",""default"":null,""class"":""ef""}}}}}                ..........aagaggggactgaaaagaacagagactccagacaagacccaaacagaccc                "
"1","ENSE00003722373","39,245,129","39,245,068","-","1","62","                              {""provisional"":{""seq"":[{""style"":[2,-51,1]},{""style"":[1,-1,0]}],""legend"":{""_messages"":[],""exons/Introns"":{""exon1"":{""class"":""e1"",""default"":null,""text"":""Translated sequence"",""label"":""#1044ee""},""utr"":{""label"":""#cd6839"",""text"":""UTR"",""default"":null,""class"":""eu""},""flanking"":{""label"":""#008000"",""text"":""Flanking sequence"",""class"":""ef"",""default"":null}}},""expect"":[],""ref"":{""style"":[[0,""""],[0,""color:#1044ee""],[7,""cd6839""]]},""flourishes"":{}},""url"":""/Homo_sapiens/Component/Transcript/Exons/exons?db=core;g=ENSG00000197110;r=19:39243553-39245129;t=ENST00000613087;time=1707234184081.081;adorn=only""}                TGGGTGACAGCCTCAGAGTGTTTCTTCTGCTGACAAAGACCAGAGATCAGGAATGAAACTAG                                                                          "
" ","Intron 1-2","39,245,067","39,244,970","","","98","                              {""url"":""/Homo_sapiens/Component/Transcript/Exons/exons?db=core;g=ENSG00000197110;r=19:39243553-39245129;t=ENST00000613087;time=1707234184081.081;adorn=only"",""provisional"":{""ref"":{""style"":[[0,""""],[0,""color:#aaaaaa""]]},""flourishes"":{},""seq"":[{""style"":[1]}],""legend"":{""_messages"":[],""exons/Introns"":{""flanking"":{""class"":""ef"",""default"":null,""text"":""Flanking sequence"",""label"":""#008000""},""utr"":{""class"":""eu"",""default"":null,""label"":""#cd6839"",""text"":""UTR""},""exon1"":{""text"":""Translated sequence"",""label"":""#1044ee"",""default"":null,""class"":""e1""},""intron"":{""class"":""ei"",""default"":null,""text"":""Intron sequence"",""label"":""#aaaaaa""}}},""expect"":[]}}                gtgagtcccacatctctgtccgtgc..........agctccctttctctctgtgacacag                "
"2","ENSE00003748264","39,244,969","39,244,788","1","0","182","                              {""url"":""/Homo_sapiens/Component/Transcript/Exons/exons?db=core;g=ENSG00000197110;r=19:39243553-39245129;t=ENST00000613087;time=1707234184081.081;adorn=only"",""provisional"":{""seq"":[{""style"":[1]},-2,{""style"":[1,-1,0]}],""legend"":{""_messages"":[],""exons/Introns"":{""flanking"":{""default"":null,""class"":""ef"",""text"":""Flanking sequence"",""label"":""#008000""},""utr"":{""class"":""eu"",""default"":null,""label"":""#cd6839"",""text"":""UTR""},""exon1"":{""text"":""Translated sequence"",""label"":""#1044ee"",""class"":""e1"",""default"":null},""intron"":{""default"":null,""class"":""ei"",""label"":""#aaaaaa"",""text"":""Intron sequence""}}},""expect"":[],""ref"":{""style"":[[0,""""],[0,""color:#1044ee""]]},""flourishes"":{}}}                ACATGACCGGGGACTGCATGCCAGTGCTGGTGCTGATGGCCGCAGTGCTGACCGTGACTGGAGCAGTTCCTGTCGCCAGGCTCCGCGGGGCTCTCCCGGATGCAAGGGGCTGCCACATAGCCCAGTTCAAGTCCCTGTCTCCACAGGAGCTGCAGGCCTTTAAGAGGGCCAAAGATGCCTTA                                                                          "
" ","Intron 2-3","39,244,787","39,244,495","","","293","                              {""provisional"":{""flourishes"":{},""ref"":{""style"":[[0,""""],[0,""color:#aaaaaa""]]},""expect"":[],""legend"":{""_messages"":[],""exons/Introns"":{""flanking"":{""class"":""ef"",""default"":null,""label"":""#008000"",""text"":""Flanking sequence""},""utr"":{""default"":null,""class"":""eu"",""text"":""UTR"",""label"":""#cd6839""},""exon1"":{""default"":null,""class"":""e1"",""label"":""#1044ee"",""text"":""Translated sequence""},""intron"":{""default"":null,""class"":""ei"",""text"":""Intron sequence"",""label"":""#aaaaaa""}}},""seq"":[{""style"":[1]}]},""url"":""/Homo_sapiens/Component/Transcript/Exons/exons?db=core;g=ENSG00000197110;r=19:39243553-39245129;t=ENST00000613087;time=1707234184081.081;adorn=only""}                gtgagtctccccctgccctcctgcc..........gctaacctgtgcctttgctgtctag                "
"3","ENSE00002523980","39,244,494","39,244,417","0","0","78","                              {""url"":""/Homo_sapiens/Component/Transcript/Exons/exons?db=core;g=ENSG00000197110;r=19:39243553-39245129;t=ENST00000613087;time=1707234184081.081;adorn=only"",""provisional"":{""ref"":{""style"":[[0,""""],[0,""color:#1044ee""]]},""flourishes"":{},""seq"":[{""style"":[1]},{""style"":[1,-17,0]}],""legend"":{""_messages"":[],""exons/Introns"":{""flanking"":{""label"":""#008000"",""text"":""Flanking sequence"",""default"":null,""class"":""ef""},""utr"":{""text"":""UTR"",""label"":""#cd6839"",""class"":""eu"",""default"":null},""exon1"":{""class"":""e1"",""default"":null,""text"":""Translated sequence"",""label"":""#1044ee""},""intron"":{""label"":""#aaaaaa"",""text"":""Intron sequence"",""class"":""ei"",""default"":null}}},""expect"":[]}}                GAAGAGTCGCTTCTGCTGAAGGACTGCAAGTGCCGCTCCCGCCTCTTCCCCAGGACCTGGGACCTGAGGCAGCTGCAG                                                          "
" ","Intron 3-4","39,244,416","39,244,158","","","259","                              {""url"":""/Homo_sapiens/Component/Transcript/Exons/exons?db=core;g=ENSG00000197110;r=19:39243553-39245129;t=ENST00000613087;time=1707234184081.081;adorn=only"",""provisional"":{""seq"":[{""style"":[1]}],""legend"":{""_messages"":[],""exons/Introns"":{""flanking"":{""class"":""ef"",""default"":null,""label"":""#008000"",""text"":""Flanking sequence""},""utr"":{""class"":""eu"",""default"":null,""label"":""#cd6839"",""text"":""UTR""},""exon1"":{""class"":""e1"",""default"":null,""text"":""Translated sequence"",""label"":""#1044ee""},""intron"":{""label"":""#aaaaaa"",""text"":""Intron sequence"",""default"":null,""class"":""ei""}}},""expect"":[],""ref"":{""style"":[[0,""""],[0,""color:#aaaaaa""]]},""flourishes"":{}}}                gtgagagggggagtcaggcccaccc..........cctgctctttctcacctctcctcag                "
"4","ENSE00002465012","39,244,157","39,244,008","0","0","150","                              {""url"":""/Homo_sapiens/Component/Transcript/Exons/exons?db=core;g=ENSG00000197110;r=19:39243553-39245129;t=ENST00000613087;time=1707234184081.081;adorn=only"",""provisional"":{""expect"":[],""legend"":{""_messages"":[],""exons/Introns"":{""flanking"":{""default"":null,""class"":""ef"",""label"":""#008000"",""text"":""Flanking sequence""},""utr"":{""class"":""eu"",""default"":null,""label"":""#cd6839"",""text"":""UTR""},""exon1"":{""label"":""#1044ee"",""text"":""Translated sequence"",""class"":""e1"",""default"":null},""intron"":{""text"":""Intron sequence"",""label"":""#aaaaaa"",""class"":""ei"",""default"":null}}},""seq"":[{""style"":[1]},-1,{""style"":[1,-29,0]}],""flourishes"":{},""ref"":{""style"":[[0,""""],[0,""color:#1044ee""]]}}}                GTGAGGGAGCGCCCCGTGGCTTTGGAGGCTGAGCTGGCCCTGACGCTGAAGGTTCTGGAGGCCACCGCTGACACTGACCCAGCCCTGGGGGATGTCTTGGACCAGCCCCTTCACACCCTGCACCATATCCTCTCCCAGCTCCGGGCCTGT                                              "
" ","Intron 4-5","39,244,007","39,243,908","","","100","                              {""url"":""/Homo_sapiens/Component/Transcript/Exons/exons?db=core;g=ENSG00000197110;r=19:39243553-39245129;t=ENST00000613087;time=1707234184081.081;adorn=only"",""provisional"":{""flourishes"":{},""ref"":{""style"":[[0,""""],[0,""color:#aaaaaa""]]},""expect"":[],""legend"":{""_messages"":[],""exons/Introns"":{""flanking"":{""class"":""ef"",""default"":null,""text"":""Flanking sequence"",""label"":""#008000""},""utr"":{""default"":null,""class"":""eu"",""label"":""#cd6839"",""text"":""UTR""},""exon1"":{""text"":""Translated sequence"",""label"":""#1044ee"",""default"":null,""class"":""e1""},""intron"":{""class"":""ei"",""default"":null,""label"":""#aaaaaa"",""text"":""Intron sequence""}}},""seq"":[{""style"":[1]}]}}                gtgagtcgtcagggcccgggcaccc..........acacaccgccctcctctgcccacag                "
"5","ENSE00002483176","39,243,907","39,243,824","0","0","84","                              {""provisional"":{""seq"":[{""style"":[1]},{""style"":[1,-23,0]}],""legend"":{""_messages"":[],""exons/Introns"":{""flanking"":{""class"":""ef"",""default"":null,""label"":""#008000"",""text"":""Flanking sequence""},""utr"":{""text"":""UTR"",""label"":""#cd6839"",""default"":null,""class"":""eu""},""exon1"":{""class"":""e1"",""default"":null,""text"":""Translated sequence"",""label"":""#1044ee""},""intron"":{""text"":""Intron sequence"",""label"":""#aaaaaa"",""class"":""ei"",""default"":null}}},""expect"":[],""ref"":{""style"":[[0,""""],[0,""color:#1044ee""]]},""flourishes"":{}},""url"":""/Homo_sapiens/Component/Transcript/Exons/exons?db=core;g=ENSG00000197110;r=19:39243553-39245129;t=ENST00000613087;time=1707234184081.081;adorn=only""}                ATCCAGCCTCAGCCCACGGCAGGGCCCAGGACCCGGGGCCGCCTCCACCATTGGCTGCACCGGCTCCAGGAGGCCCCAAAAAAG                                                    "
" ","Intron 5-6","39,243,823","39,243,731","","","93","                              {""provisional"":{""flourishes"":{},""ref"":{""style"":[[0,""""],[0,""color:#aaaaaa""]]},""expect"":[],""seq"":[{""style"":[1]}],""legend"":{""_messages"":[],""exons/Introns"":{""flanking"":{""label"":""#008000"",""text"":""Flanking sequence"",""class"":""ef"",""default"":null},""utr"":{""class"":""eu"",""default"":null,""text"":""UTR"",""label"":""#cd6839""},""exon1"":{""default"":null,""class"":""e1"",""label"":""#1044ee"",""text"":""Translated sequence""},""intron"":{""default"":null,""class"":""ei"",""label"":""#aaaaaa"",""text"":""Intron sequence""}}}},""url"":""/Homo_sapiens/Component/Transcript/Exons/exons?db=core;g=ENSG00000197110;r=19:39243553-39245129;t=ENST00000613087;time=1707234184081.081;adorn=only""}                gtgagtgacccgggaagagagggac..........ctgacccatcccctcctccctacag                "
"6","ENSE00003714809","39,243,730","39,243,553","0","-","178","                              {""url"":""/Homo_sapiens/Component/Transcript/Exons/exons?db=core;g=ENSG00000197110;r=19:39243553-39245129;t=ENST00000613087;time=1707234184081.081;adorn=only"",""provisional"":{""flourishes"":{},""ref"":{""style"":[[0,""""],[0,""color:#1044ee""],[7,""cd6839""]]},""expect"":[],""seq"":[{""style"":[1]},{""style"":[1,-38,2]},{""style"":[2,-57,0]}],""legend"":{""_messages"":[],""exons/Introns"":{""flanking"":{""default"":null,""class"":""ef"",""text"":""Flanking sequence"",""label"":""#008000""},""utr"":{""class"":""eu"",""default"":null,""text"":""UTR"",""label"":""#cd6839""},""exon1"":{""text"":""Translated sequence"",""label"":""#1044ee"",""class"":""e1"",""default"":null},""intron"":{""class"":""ei"",""default"":null,""label"":""#aaaaaa"",""text"":""Intron sequence""}}}}}                GAGTCCCCTGGCTGCCTCGAGGCCTCTGTCACCTTCAACCTCTTCCGCCTCCTCACGCGAGACCTGAATTGTGTTGCCAGCGGGGACCTGTGTGTCTGACCCTTCCGCCAGTCATGCAACCTGAGATTTTATTTATAAATTAGCCACTTGGCTTAATTTATTGTCACCCAGTCGCTAT                  "
"","3' downstream sequence","","","","","","                              {""provisional"":{""legend"":{""_messages"":[],""exons/Introns"":{""flanking"":{""text"":""Flanking sequence"",""label"":""#008000"",""class"":""ef"",""default"":null},""utr"":{""label"":""#cd6839"",""text"":""UTR"",""default"":null,""class"":""eu""},""exon1"":{""label"":""#1044ee"",""text"":""Translated sequence"",""class"":""e1"",""default"":null},""intron"":{""default"":null,""class"":""ei"",""label"":""#aaaaaa"",""text"":""Intron sequence""}}},""seq"":[{""style"":[1]}],""expect"":[],""ref"":{""style"":[[0,""""],[0,""color:#008000""]]},""flourishes"":{}},""url"":""/Homo_sapiens/Component/Transcript/Exons/exons?db=core;g=ENSG00000197110;r=19:39243553-39245129;t=ENST00000613087;time=1707234184081.081;adorn=only""}                ttatgtatttgtgtatgtaaatccaactcacctccaggaaaatgtttatt..........                "
