"No.","Exon / Intron","Start","End","Start Phase","End Phase","Length","Sequence"
"","5' upstream sequence","","","","","","                              {""url"":""/Homo_sapiens/Component/Transcript/Exons/exons?db=core;g=ENSG00000213281;r=1:114704469-114716771;t=ENST00000369535;time=1707235664748.748;adorn=only"",""provisional"":{""expect"":[],""legend"":{""_messages"":[],""exons/Introns"":{""flanking"":{""default"":null,""class"":""ef"",""label"":""#008000"",""text"":""Flanking sequence""}}},""seq"":[{""style"":[1]}],""flourishes"":{},""ref"":{""style"":[[0,""""],[0,""color:#008000""]]}}}                ..........ccggggcggggactcaggcgcctggggcgccgactgattacgtagcgggc                "
"1","ENSE00001364464","114,716,771","114,716,658","-","-","114","                              {""url"":""/Homo_sapiens/Component/Transcript/Exons/exons?db=core;g=ENSG00000213281;r=1:114704469-114716771;t=ENST00000369535;time=1707235664748.748;adorn=only"",""provisional"":{""legend"":{""_messages"":[],""exons/Introns"":{""utr"":{""class"":""eu"",""default"":null,""text"":""UTR"",""label"":""#cd6839""},""exon1"":{""text"":""Translated sequence"",""label"":""#1044ee"",""default"":null,""class"":""e1""},""flanking"":{""class"":""ef"",""default"":null,""text"":""Flanking sequence"",""label"":""#008000""}}},""seq"":[{""style"":[1]},{""style"":[1,-53,0]}],""expect"":[],""ref"":{""style"":[[0,""""],[0,""color:#cd6839""]]},""flourishes"":{}}}                GGGGCCGGAAGTGCCGCTCCTTGGTGGGGGCTGTTCATGGCGGTTCCGGGGTCTCCAACATTTTTCCCGGCTGTGGTCCTAAATCTGTCCAAAGCAGAGGCAGTGGAGCTTGAG                      "
" ","Intron 1-2","114,716,657","114,716,178","","","480","                              {""url"":""/Homo_sapiens/Component/Transcript/Exons/exons?db=core;g=ENSG00000213281;r=1:114704469-114716771;t=ENST00000369535;time=1707235664748.748;adorn=only"",""provisional"":{""legend"":{""_messages"":[],""exons/Introns"":{""flanking"":{""text"":""Flanking sequence"",""label"":""#008000"",""class"":""ef"",""default"":null},""intron"":{""text"":""Intron sequence"",""label"":""#aaaaaa"",""default"":null,""class"":""ei""},""exon1"":{""label"":""#1044ee"",""text"":""Translated sequence"",""class"":""e1"",""default"":null},""utr"":{""label"":""#cd6839"",""text"":""UTR"",""class"":""eu"",""default"":null}}},""seq"":[{""style"":[1]}],""expect"":[],""ref"":{""style"":[[0,""""],[0,""color:#aaaaaa""]]},""flourishes"":{}}}                gtaagtttatctcatgcatagtgtt..........aaccctgattactggtttccaacag                "
"2","ENSE00001450282","114,716,177","114,716,050","-","0","128","                              {""url"":""/Homo_sapiens/Component/Transcript/Exons/exons?db=core;g=ENSG00000213281;r=1:114704469-114716771;t=ENST00000369535;time=1707235664748.748;adorn=only"",""provisional"":{""flourishes"":{},""ref"":{""style"":[[0,""""],[0,""color:#1044ee""],[7,""cd6839""]]},""expect"":[],""seq"":[{""style"":[2,-16,1]},{""style"":[1]},{""style"":[1,-7,0]}],""legend"":{""_messages"":[],""exons/Introns"":{""flanking"":{""label"":""#008000"",""text"":""Flanking sequence"",""default"":null,""class"":""ef""},""intron"":{""label"":""#aaaaaa"",""text"":""Intron sequence"",""class"":""ei"",""default"":null},""exon1"":{""label"":""#1044ee"",""text"":""Translated sequence"",""class"":""e1"",""default"":null},""utr"":{""default"":null,""class"":""eu"",""text"":""UTR"",""label"":""#cd6839""}}}}}                GTTCTTGCTGGTGTGAAATGACTGAGTACAAACTGGTGGTGGTTGGAGCAGGTGGTGTTGGGAAAAGCGCACTGACAATCCAGCTAATCCAGAACCACTTTGTAGATGAATATGATCCCACCATAGAG                                                                    "
" ","Intron 2-3","114,716,049","114,713,979","","","2,071","                              {""provisional"":{""expect"":[],""legend"":{""_messages"":[],""exons/Introns"":{""flanking"":{""label"":""#008000"",""text"":""Flanking sequence"",""default"":null,""class"":""ef""},""intron"":{""class"":""ei"",""default"":null,""label"":""#aaaaaa"",""text"":""Intron sequence""},""exon1"":{""text"":""Translated sequence"",""label"":""#1044ee"",""default"":null,""class"":""e1""},""utr"":{""label"":""#cd6839"",""text"":""UTR"",""default"":null,""class"":""eu""}}},""seq"":[{""style"":[1]}],""flourishes"":{},""ref"":{""style"":[[0,""""],[0,""color:#aaaaaa""]]}},""url"":""/Homo_sapiens/Component/Transcript/Exons/exons?db=core;g=ENSG00000213281;r=1:114704469-114716771;t=ENST00000369535;time=1707235664748.748;adorn=only""}                gtgaggcccagtggtagcccgctga..........gcccccttaccctccacacccccag                "
"3","ENSE00001751295","114,713,978","114,713,800","0","2","179","                              {""url"":""/Homo_sapiens/Component/Transcript/Exons/exons?db=core;g=ENSG00000213281;r=1:114704469-114716771;t=ENST00000369535;time=1707235664748.748;adorn=only"",""provisional"":{""flourishes"":{},""ref"":{""style"":[[0,""""],[0,""color:#1044ee""]]},""expect"":[],""legend"":{""_messages"":[],""exons/Introns"":{""flanking"":{""text"":""Flanking sequence"",""label"":""#008000"",""default"":null,""class"":""ef""},""intron"":{""class"":""ei"",""default"":null,""label"":""#aaaaaa"",""text"":""Intron sequence""},""exon1"":{""text"":""Translated sequence"",""label"":""#1044ee"",""default"":null,""class"":""e1""},""utr"":{""default"":null,""class"":""eu"",""text"":""UTR"",""label"":""#cd6839""}}},""seq"":[{""style"":[1]},-1,{""style"":[1,-58,0]}]}}                GATTCTTACAGAAAACAAGTGGTTATAGATGGTGAAACCTGTTTGTTGGACATACTGGATACAGCTGGACAAGAAGAGTACAGTGCCATGAGAGACCAATACATGAGGACAGGCGAAGGCTTCCTCTGTGTATTTGCCATCAATAATAGCAAGTCATTTGCGGATATTAACCTCTACAG                 "
" ","Intron 3-4","114,713,799","114,709,729","","","4,071","                              {""url"":""/Homo_sapiens/Component/Transcript/Exons/exons?db=core;g=ENSG00000213281;r=1:114704469-114716771;t=ENST00000369535;time=1707235664748.748;adorn=only"",""provisional"":{""legend"":{""_messages"":[],""exons/Introns"":{""flanking"":{""text"":""Flanking sequence"",""label"":""#008000"",""default"":null,""class"":""ef""},""intron"":{""class"":""ei"",""default"":null,""text"":""Intron sequence"",""label"":""#aaaaaa""},""exon1"":{""text"":""Translated sequence"",""label"":""#1044ee"",""class"":""e1"",""default"":null},""utr"":{""class"":""eu"",""default"":null,""label"":""#cd6839"",""text"":""UTR""}}},""seq"":[{""style"":[1]}],""expect"":[],""ref"":{""style"":[[0,""""],[0,""color:#aaaaaa""]]},""flourishes"":{}}}                gtactaggagcattattttctctga..........tctgataatatattcccgtttttag                "
"4","ENSE00000784343","114,709,728","114,709,569","2","0","160","                              {""provisional"":{""flourishes"":{},""ref"":{""style"":[[0,""""],[0,""color:#1044ee""]]},""expect"":[],""seq"":[{""style"":[1]},-1,{""style"":[1,-39,0]}],""legend"":{""_messages"":[],""exons/Introns"":{""flanking"":{""label"":""#008000"",""text"":""Flanking sequence"",""class"":""ef"",""default"":null},""intron"":{""class"":""ei"",""default"":null,""text"":""Intron sequence"",""label"":""#aaaaaa""},""exon1"":{""text"":""Translated sequence"",""label"":""#1044ee"",""class"":""e1"",""default"":null},""utr"":{""text"":""UTR"",""label"":""#cd6839"",""class"":""eu"",""default"":null}}}},""url"":""/Homo_sapiens/Component/Transcript/Exons/exons?db=core;g=ENSG00000213281;r=1:114704469-114716771;t=ENST00000369535;time=1707235664748.748;adorn=only""}                GGAGCAGATTAAGCGAGTAAAAGACTCGGATGATGTACCTATGGTGCTAGTGGGAAACAAGTGTGATTTGCCAACAAGGACAGTTGATACAAAACAAGCCCACGAACTGGCCAAGAGTTACGGGATTCCATTCATTGAAACCTCAGCCAAGACCAGACAG                                    "
" ","Intron 4-5","114,709,568","114,708,655","","","914","                              {""url"":""/Homo_sapiens/Component/Transcript/Exons/exons?db=core;g=ENSG00000213281;r=1:114704469-114716771;t=ENST00000369535;time=1707235664748.748;adorn=only"",""provisional"":{""legend"":{""_messages"":[],""exons/Introns"":{""flanking"":{""class"":""ef"",""default"":null,""text"":""Flanking sequence"",""label"":""#008000""},""intron"":{""class"":""ei"",""default"":null,""label"":""#aaaaaa"",""text"":""Intron sequence""},""exon1"":{""text"":""Translated sequence"",""label"":""#1044ee"",""default"":null,""class"":""e1""},""utr"":{""text"":""UTR"",""label"":""#cd6839"",""default"":null,""class"":""eu""}}},""seq"":[{""style"":[1]}],""expect"":[],""ref"":{""style"":[[0,""""],[0,""color:#aaaaaa""]]},""flourishes"":{}}}                gtatggtacagctttcagcatttgt..........tttttttcattttttccttttatag                "
"5","ENSE00000800104","114,708,654","114,708,531","0","-","124","                              {""url"":""/Homo_sapiens/Component/Transcript/Exons/exons?db=core;g=ENSG00000213281;r=1:114704469-114716771;t=ENST00000369535;time=1707235664748.748;adorn=only"",""provisional"":{""legend"":{""_messages"":[],""exons/Introns"":{""flanking"":{""text"":""Flanking sequence"",""label"":""#008000"",""default"":null,""class"":""ef""},""intron"":{""default"":null,""class"":""ei"",""text"":""Intron sequence"",""label"":""#aaaaaa""},""exon1"":{""class"":""e1"",""default"":null,""text"":""Translated sequence"",""label"":""#1044ee""},""utr"":{""class"":""eu"",""default"":null,""label"":""#cd6839"",""text"":""UTR""}}},""seq"":[{""style"":[1]},-1,{""style"":[2,-3,0]}],""expect"":[],""ref"":{""style"":[[0,""""],[0,""color:#1044ee""],[7,""cd6839""]]},""flourishes"":{}}}                GGTGTTGAAGATGCTTTTTACACACTGGTAAGAGAAATACGCCAGTACCGAATGAAAAAACTCAACAGCAGTGATGATGGGACTCAGGGTTGTATGGGATTGCCATGTGTGGTGATGTAACAAG                                                                        "
" ","Intron 5-6","114,708,530","114,708,193","","","338","                              {""url"":""/Homo_sapiens/Component/Transcript/Exons/exons?db=core;g=ENSG00000213281;r=1:114704469-114716771;t=ENST00000369535;time=1707235664748.748;adorn=only"",""provisional"":{""flourishes"":{},""ref"":{""style"":[[0,""""],[0,""color:#aaaaaa""]]},""expect"":[],""legend"":{""_messages"":[],""exons/Introns"":{""flanking"":{""default"":null,""class"":""ef"",""text"":""Flanking sequence"",""label"":""#008000""},""intron"":{""default"":null,""class"":""ei"",""text"":""Intron sequence"",""label"":""#aaaaaa""},""exon1"":{""default"":null,""class"":""e1"",""label"":""#1044ee"",""text"":""Translated sequence""},""utr"":{""text"":""UTR"",""label"":""#cd6839"",""default"":null,""class"":""eu""}}},""seq"":[{""style"":[1]}]}}                gtgagcatatggtttcttggcataa..........catggtttctgttctttttttacag                "
"6","ENSE00001365300","114,708,192","114,708,154","-","-","39","                              {""url"":""/Homo_sapiens/Component/Transcript/Exons/exons?db=core;g=ENSG00000213281;r=1:114704469-114716771;t=ENST00000369535;time=1707235664748.748;adorn=only"",""provisional"":{""expect"":[],""seq"":[{""style"":[1,-38,0]}],""legend"":{""_messages"":[],""exons/Introns"":{""flanking"":{""text"":""Flanking sequence"",""label"":""#008000"",""class"":""ef"",""default"":null},""intron"":{""text"":""Intron sequence"",""label"":""#aaaaaa"",""class"":""ei"",""default"":null},""exon1"":{""default"":null,""class"":""e1"",""label"":""#1044ee"",""text"":""Translated sequence""},""utr"":{""text"":""UTR"",""label"":""#cd6839"",""class"":""eu"",""default"":null}}},""flourishes"":{},""ref"":{""style"":[[0,""""],[0,""color:#cd6839""]]}}}                ATACTTTTAAAGTTTTGTCAGAAAAGAGCCACTTTCAAG                                     "
" ","Intron 6-7","114,708,153","114,708,051","","","103","                              {""provisional"":{""legend"":{""_messages"":[],""exons/Introns"":{""flanking"":{""text"":""Flanking sequence"",""label"":""#008000"",""default"":null,""class"":""ef""},""intron"":{""default"":null,""class"":""ei"",""label"":""#aaaaaa"",""text"":""Intron sequence""},""exon1"":{""label"":""#1044ee"",""text"":""Translated sequence"",""default"":null,""class"":""e1""},""utr"":{""label"":""#cd6839"",""text"":""UTR"",""default"":null,""class"":""eu""}}},""seq"":[{""style"":[1]}],""expect"":[],""ref"":{""style"":[[0,""""],[0,""color:#aaaaaa""]]},""flourishes"":{}},""url"":""/Homo_sapiens/Component/Transcript/Exons/exons?db=core;g=ENSG00000213281;r=1:114704469-114716771;t=ENST00000369535;time=1707235664748.748;adorn=only""}                gtaggacaagtttggaaatgtattc..........tatacaaattctgtttctatttcag                "
"7","ENSE00001450280","114,708,050","114,704,469","-","-","3,582","                              {""provisional"":{""ref"":{""style"":[[0,""""],[0,""color:#cd6839""]]},""flourishes"":{},""legend"":{""_messages"":[],""exons/Introns"":{""flanking"":{""text"":""Flanking sequence"",""label"":""#008000"",""class"":""ef"",""default"":null},""intron"":{""default"":null,""class"":""ei"",""text"":""Intron sequence"",""label"":""#aaaaaa""},""exon1"":{""text"":""Translated sequence"",""label"":""#1044ee"",""class"":""e1"",""default"":null},""utr"":{""default"":null,""class"":""eu"",""text"":""UTR"",""label"":""#cd6839""}}},""seq"":[{""style"":[1]},-58,{""style"":[1,-41,0]}],""expect"":[]},""url"":""/Homo_sapiens/Component/Transcript/Exons/exons?db=core;g=ENSG00000213281;r=1:114704469-114716771;t=ENST00000369535;time=1707235664748.748;adorn=only""}                CTGCACTGACACCCTGGTCCTGACTTCCCTGGAGGAGAAGTATTCCTGTTGCTGTCTTCAGTCTCACAGAGAAGCTCCTGCTACTTCCCCAGCTCTCAGTAGTTTAGTACAATAATCTCTATTTGAGAAGTTCTCAGAATAACTACCTCCTCACTTGGCTGTCTGACCAGAGAATGCACCTCTTGTTACTCCCTGTTATTTTTCTGCCCTGGGTTCTTCCACAGCACAAACACACCTCTGCCACCCCAGGTTTTTCATCTGAAAAGCAGTTCATGTCTGAAACAGAGAACCAAACCGCAAACGTGAAATTCTATTGAAAACAGTGTCTTGAGCTCTAAAGTAGCAACTGCTGGTGATTTTTTTTTTCTTTTTACTGTTGAACTTAGAACTATGCTAATTTTTGGAGAAATGTCATAAATTACTGTTTTGCCAAGAATATAGTTATTATTGCTGTTTGGTTTGTTTATAATGTTATCGGCTCTATTCTCTAAACTGGCATCTGCTCTAGATTCATAAATACAAAAATGAATACTGAATTTTGAGTCTATCCTAGTCTTCACAACTTTGACGTAATTAAATCCAACTTTCACAGTGAAGTGCCTTTTTCCTAGAAGTGGTTTGTAGACTTCCTTTATAATATTTCAGTGGAATAGATGTCTCAAAAATCCTTATGCATGAAATGAATGTCTGAGATACGTCTGTGACTTATCTACCATTGAAGGAAAGCTATATCTATTTGAGAGCAGATGCCATTTTGTACATGTATGAAATTGGTTTTCCAGAGGCCTGTTTTGGGGCTTTCCCAGGAGAAAGATGAAACTGAAAGCACATGAATAATTTCACTTAATAATTTTTACCTAATCTCCACTTTTTTCATAGGTTACTACCTATACAATGTATGTAATTTGTTTCCCCTAGCTTACTGATAAACCTAATATTCAATGAACTTCCATTTGTATTCAAATTTGTGTCATACCAGAAAGCTCTACATTTGCAGATGTTCAAATATTGTAAAACTTTGGTGCATTGTTATTTAATAGCTGTGATCAGTGATTTTCAAACCTCAAATATAGTATATTAACAAATTACATTTTCACTGTATATCATGGTATCTTAATGATGTATATAATTGCCTTCAATCCCCTTCTCACCCCACCCTCTACAGCTTCCCCCACAGCAATAGGGGCTTGATTATTTCAGTTGAGTAAAGCATGGTGCTAATGGACCAGGGTCACAGTTTCAAAACTTGAACAATCCAGTTAGCATCACAGAGAAAGAAATTCTTCTGCATTTGCTCATTGCACCAGTAACTCCAGCTAGTAATTTTGCTAGGTAGCTGCAGTTAGCCCTGCAAGGAAAGAAGAGGTCAGTTAGCACAAACCCTTTACCATGACTGGAAAACTCAGTATCACGTATTTAAACATTTTTTTTTCTTTTAGCCATGTAGAAACTCTAAATTAAGCCAATATTCTCATTTGAGAATGAGGATGTCTCAGCTGAGAAACGTTTTAAATTCTCTTTATTCATAATGTTCTTTGAAGGGTTTAAAACAAGATGTTGATAAATCTAAGCTGATGAGTTTGCTCAAAACAGGAAGTTGAAATTGTTGAGACAGGAATGGAAAATATAATTAATTGATACCTATGAGGATTTGGAGGCTTGGCATTTTAATTTGCAGATAATACCCTGGTAATTCTCATGAAAAATAGACTTGGATAACTTTTGATAAAAGACTAATTCCAAAATGGCCACTTTGTTCCTGTCTTTAATATCTAAATACTTACTGAGGTCCTCCATCTTCTATATTATGAATTTTCATTTATTAAGCAAATGTCATATTACCTTGAAATTCAGAAGAGAAGAAACATATACTGTGTCCAGAGTATAATGAACCTGCAGAGTTGTGCTTCTTACTGCTAATTCTGGGAGCTTTCACAGTACTGTCATCATTTGTAAATGGAAATTCTGCTTTTCTGTTTCTGCTCCTTCTGGAGCAGTGCTACTCTGTAATTTTCCTGAGGCTTATCACCTCAGTCATTTCTTTTTTAAATGTCTGTGACTGGCAGTGATTCTTTTTCTTAAAAATCTATTAAATTTGATGTCAAATTAGGGAGAAAGATAGTTACTCATCTTGGGCTCTTGTGCCAATAGCCCTTGTATGTATGTACTTAGAGTTTTCCAAGTATGTTCTAAGCACAGAAGTTTCTAAATGGGGCCAAAATTCAGACTTGAGTATGTTCTTTGAATACCTTAAGAAGTTACAATTAGCCGGGCATGGTGGCCCGTGCCTGTAGTCCCAGCTACTTGAGAGGCTGAGGCAGGAGAATCACTTCAACCCAGGAGGTGGAGGTTACAGTGAGCAGAGATCGTGCCACTGCACTCCAGCCTGGGTGACAAGAGAGACTTGTCTCCAAAAAAAAAGTTACACCTAGGTGTGAATTTTGGCACAAAGGAGTGACAAACTTATAGTTAAAAGCTGAATAACTTCAGTGTGGTATAAAACGTGGTTTTTAGGCTATGTTTGTGATTGCTGAAAAGAATTCTAGTTTACCTCAAAATCCTTCTCTTTCCCCAAATTAAGTGCCTGGCCAGCTGTCATAAATTACATATTCCTTTTGGTTTTTTTAAAGGTTACATGTTCAAGAGTGAAAATAAGATGTTCTGTCTGAAGGCTACCATGCCGGATCTGTAAATGAACCTGTTAAATGCTGTATTTGCTCCAACGGCTTACTATAGAATGTTACTTAATACAATATCATACTTATTACAATTTTTACTATAGGAGTGTAATAGGTAAAATTAATCTCTATTTTAGTGGGCCCATGTTTAGTCTTTCACCATCCTTTAAACTGCTGTGAATTTTTTTGTCATGACTTGAAAGCAAGGATAGAGAAACACTTTAGAGATATGTGGGGTTTTTTTACCATTCCAGAGCTTGTGAGCATAATCATATTTGCTTTATATTTATAGTCATGAACTCCTAAGTTGGCAGCTACAACCAAGAACCAAAAAATGGTGCGTTCTGCTTCTTGTAATTCATCTCTGCTAATAAATTATAAGAAGCAAGGAAAATTAGGGAAAATATTTTATTTGGATGGTTTCTATAAACAAGGGACTATAATTCTTGTACATTATTTTTCATCTTTGCTGTTTCTTTGAGCAGTCTAATGTGCCACACAATTATCTAAGGTATTTGTTTTCTATAAGAATTGTTTTAAAAGTATTCTTGTTACCAGAGTAGTTGTATTATATTTCAAAACGTAAGATGATTTTTAAAAGCCTGAGTACTGACCTAAGATGGAATTGTATGAACTCTGCTCTGGAGGGAGGGGAGGATGTCCGTGGAAGTTGTAAGACTTTTATTTTTTTGTGCCATCAAATATAGGTAAAAATAATTGTGCAATTCTGCTGTTTAAACAGGAACTATTGGCCTCCTTGGCCCTAAATGGAAGGGCCGATATTTTAAGTTGATTATTTTATTGTAAATTAATCCAACCTAGTTCTTTTTAATTTGGTTGAATGTTTTTTCTTGTTAAATGATGTTTAAAAAATAAAAACTGGAAGTTCTTGGCTTAGTCATAA                                  "
"","3' downstream sequence","","","","","","                              {""url"":""/Homo_sapiens/Component/Transcript/Exons/exons?db=core;g=ENSG00000213281;r=1:114704469-114716771;t=ENST00000369535;time=1707235664748.748;adorn=only"",""provisional"":{""seq"":[{""style"":[1]}],""legend"":{""_messages"":[],""exons/Introns"":{""flanking"":{""default"":null,""class"":""ef"",""text"":""Flanking sequence"",""label"":""#008000""},""intron"":{""class"":""ei"",""default"":null,""label"":""#aaaaaa"",""text"":""Intron sequence""},""exon1"":{""default"":null,""class"":""e1"",""label"":""#1044ee"",""text"":""Translated sequence""},""utr"":{""default"":null,""class"":""eu"",""label"":""#cd6839"",""text"":""UTR""}}},""expect"":[],""ref"":{""style"":[[0,""""],[0,""color:#008000""]]},""flourishes"":{}}}                ttcttatattcactgaagtgcctttatagaatgctaatattaatttcaaa..........                "
