"No.","Exon / Intron","Start","End","Start Phase","End Phase","Length","Sequence"
"","5' upstream sequence","","","","","","                              {""provisional"":{""expect"":[],""seq"":[{""style"":[1]}],""legend"":{""exons/Introns"":{""flanking"":{""label"":""#008000"",""text"":""Flanking sequence"",""default"":null,""class"":""ef""}},""_messages"":[]},""flourishes"":{},""ref"":{""style"":[[0,""""],[0,""color:#008000""]]}},""url"":""/Homo_sapiens/Component/Transcript/Exons/exons?db=core;g=ENSG00000173638;r=21:45493572-45573365;t=ENST00000311124;time=1707234599277.277;adorn=only""}                ..........acggacccgcccaccccgcagccgcgcgcccgccgcgccgccttgtgggc                "
"1","ENSE00003841581","45,542,440","45,542,368","-","-","73","                              {""url"":""/Homo_sapiens/Component/Transcript/Exons/exons?db=core;g=ENSG00000173638;r=21:45493572-45573365;t=ENST00000311124;time=1707234599277.277;adorn=only"",""provisional"":{""flourishes"":{},""ref"":{""style"":[[0,""""],[0,""color:#cd6839""]]},""expect"":[],""legend"":{""exons/Introns"":{""flanking"":{""default"":null,""class"":""ef"",""text"":""Flanking sequence"",""label"":""#008000""},""exon1"":{""label"":""#1044ee"",""text"":""Translated sequence"",""class"":""e1"",""default"":null},""utr"":{""label"":""#cd6839"",""text"":""UTR"",""default"":null,""class"":""eu""}},""_messages"":[]},""seq"":[{""style"":[1]},{""style"":[1,-12,0]}]}}                GCTGTAGTCCCGGAGTCCGCGTGCGCGGGGCCGGGTCCGGGAGCCCCAGGGCAGCCGCCCCGCCGAGTCGCAG                                                               "
" ","Intron 1-2","45,542,367","45,538,009","","","4,359","                              {""provisional"":{""expect"":[],""legend"":{""exons/Introns"":{""utr"":{""text"":""UTR"",""label"":""#cd6839"",""class"":""eu"",""default"":null},""exon1"":{""class"":""e1"",""default"":null,""text"":""Translated sequence"",""label"":""#1044ee""},""intron"":{""label"":""#aaaaaa"",""text"":""Intron sequence"",""class"":""ei"",""default"":null},""flanking"":{""class"":""ef"",""default"":null,""text"":""Flanking sequence"",""label"":""#008000""}},""_messages"":[]},""seq"":[{""style"":[1]}],""flourishes"":{},""ref"":{""style"":[[0,""""],[0,""color:#aaaaaa""]]}},""url"":""/Homo_sapiens/Component/Transcript/Exons/exons?db=core;g=ENSG00000173638;r=21:45493572-45573365;t=ENST00000311124;time=1707234599277.277;adorn=only""}                gtaccggtggggaacggggccacgg..........gccctgactccacccctccttccag                "
"2","ENSE00002734562","45,538,008","45,537,771","-","0","238","                              {""provisional"":{""flourishes"":{},""ref"":{""style"":[[0,""""],[0,""color:#1044ee""],[7,""cd6839""]]},""expect"":[],""legend"":{""exons/Introns"":{""utr"":{""text"":""UTR"",""label"":""#cd6839"",""class"":""eu"",""default"":null},""exon1"":{""text"":""Translated sequence"",""label"":""#1044ee"",""default"":null,""class"":""e1""},""intron"":{""label"":""#aaaaaa"",""text"":""Intron sequence"",""class"":""ei"",""default"":null},""flanking"":{""class"":""ef"",""default"":null,""label"":""#008000"",""text"":""Flanking sequence""}},""_messages"":[]},""seq"":[{""style"":[2,-48,1]},{""style"":[1]},-1,{""style"":[1,-57,0]}]},""url"":""/Homo_sapiens/Component/Transcript/Exons/exons?db=core;g=ENSG00000173638;r=21:45493572-45573365;t=ENST00000311124;time=1707234599277.277;adorn=only""}                GCACAGCGTCACCTTCGTCCCCTCCGGAGCTGCACGTGGCCTGAGCAGGATGGTGCCCTCCAGCCCAGCGGTGGAGAAGCAGGTGCCCGTGGAACCTGGGCCTGACCCCGAGCTCCGGTCCTGGCGGCACCTCGTGTGCTACCTTTGCTTCTACGGCTTCATGGCGCAGATACGGCCAGGGGAGAGCTTCATCACCCCCTACCTCCTGGGGCCCGACAAGAACTTCACGCGGGAGCAG                  "
" ","Intron 2-3","45,537,770","45,532,149","","","5,622","                              {""url"":""/Homo_sapiens/Component/Transcript/Exons/exons?db=core;g=ENSG00000173638;r=21:45493572-45573365;t=ENST00000311124;time=1707234599277.277;adorn=only"",""provisional"":{""expect"":[],""seq"":[{""style"":[1]}],""legend"":{""exons/Introns"":{""utr"":{""default"":null,""class"":""eu"",""label"":""#cd6839"",""text"":""UTR""},""exon1"":{""label"":""#1044ee"",""text"":""Translated sequence"",""default"":null,""class"":""e1""},""intron"":{""class"":""ei"",""default"":null,""text"":""Intron sequence"",""label"":""#aaaaaa""},""flanking"":{""label"":""#008000"",""text"":""Flanking sequence"",""class"":""ef"",""default"":null}},""_messages"":[]},""flourishes"":{},""ref"":{""style"":[[0,""""],[0,""color:#aaaaaa""]]}}}                gcatgtgggtgccggggtgccgggc..........ggggcgcacgcccgcctgtccgcag                "
"3","ENSE00002448210","45,532,148","45,531,389","0","1","760","                              {""provisional"":{""flourishes"":{},""ref"":{""style"":[[0,""""],[0,""color:#1044ee""]]},""expect"":[],""legend"":{""exons/Introns"":{""utr"":{""class"":""eu"",""default"":null,""text"":""UTR"",""label"":""#cd6839""},""exon1"":{""label"":""#1044ee"",""text"":""Translated sequence"",""default"":null,""class"":""e1""},""intron"":{""class"":""ei"",""default"":null,""text"":""Intron sequence"",""label"":""#aaaaaa""},""flanking"":{""default"":null,""class"":""ef"",""text"":""Flanking sequence"",""label"":""#008000""}},""_messages"":[]},""seq"":[{""style"":[1]},-11,{""style"":[1,-39,0]}]},""url"":""/Homo_sapiens/Component/Transcript/Exons/exons?db=core;g=ENSG00000173638;r=21:45493572-45573365;t=ENST00000311124;time=1707234599277.277;adorn=only""}                GTCACGAACGAGATCACGCCGGTGCTGTCGTACTCCTACCTGGCCGTGCTGGTGCCCGTGTTCCTGCTCACCGACTACCTGCGCTACACGCCGGTGCTGCTGCTGCAGGGGCTCAGCTTCGTGTCGGTGTGGCTGCTGCTGCTGCTGGGCCACTCGGTGGCGCACATGCAGCTCATGGAGCTCTTCTACAGCGTCACCATGGCCGCGCGCATCGCCTATTCCTCCTACATCTTCTCTCTCGTGCGGCCCGCGCGCTACCAGCGTGTGGCCGGCTACTCGCGCGCTGCGGTGCTGCTGGGCGTGTTCACCAGCTCCGTGCTGGGCCAGCTGCTGGTCACTGTGGGCCGAGTCTCCTTCTCCACGCTCAACTACATCTCGCTGGCCTTCCTCACCTTCAGCGTGGTCCTCGCCCTCTTCCTGAAGCGCCCCAAGCGCAGCCTCTTCTTCAACCGCGACGACCGGGGGCGGTGCGAAACCTCGGCTTCGGAGCTGGAGCGCATGAATCCTGGCCCAGGCGGGAAGCTGGGACACGCCCTGCGGGTGGCCTGTGGGGACTCAGTGCTGGCGCGGATGCTGCGGGAGCTGGGGGACAGCCTGCGGCGGCCGCAGCTGCGCCTGTGGTCCCTCTGGTGGGTCTTCAACTCGGCCGGCTACTACCTGGTGGTCTACTACGTGCACATCCTGTGGAACGAGGTGGACCCCACCACCAACAGTGCGCGGGTCTACAACGGCGCGGCAGATGCTGCCTCCACGCTGCTGG                                    "
" ","Intron 3-4","45,531,388","45,530,972","","","417","                              {""provisional"":{""legend"":{""exons/Introns"":{""utr"":{""default"":null,""class"":""eu"",""label"":""#cd6839"",""text"":""UTR""},""exon1"":{""text"":""Translated sequence"",""label"":""#1044ee"",""class"":""e1"",""default"":null},""intron"":{""default"":null,""class"":""ei"",""label"":""#aaaaaa"",""text"":""Intron sequence""},""flanking"":{""class"":""ef"",""default"":null,""text"":""Flanking sequence"",""label"":""#008000""}},""_messages"":[]},""seq"":[{""style"":[1]}],""expect"":[],""ref"":{""style"":[[0,""""],[0,""color:#aaaaaa""]]},""flourishes"":{}},""url"":""/Homo_sapiens/Component/Transcript/Exons/exons?db=core;g=ENSG00000173638;r=21:45493572-45573365;t=ENST00000311124;time=1707234599277.277;adorn=only""}                gtacgcatgccctggtccccgaggc..........caacgccccatccctcccctctcag                "
"4","ENSE00001210607","45,530,971","45,530,770","1","2","202","                              {""provisional"":{""seq"":[{""style"":[1]},-2,{""style"":[1,-21,0]}],""legend"":{""exons/Introns"":{""utr"":{""default"":null,""class"":""eu"",""label"":""#cd6839"",""text"":""UTR""},""exon1"":{""text"":""Translated sequence"",""label"":""#1044ee"",""class"":""e1"",""default"":null},""intron"":{""label"":""#aaaaaa"",""text"":""Intron sequence"",""class"":""ei"",""default"":null},""flanking"":{""default"":null,""class"":""ef"",""label"":""#008000"",""text"":""Flanking sequence""}},""_messages"":[]},""expect"":[],""ref"":{""style"":[[0,""""],[0,""color:#1044ee""]]},""flourishes"":{}},""url"":""/Homo_sapiens/Component/Transcript/Exons/exons?db=core;g=ENSG00000173638;r=21:45493572-45573365;t=ENST00000311124;time=1707234599277.277;adorn=only""}                GCGCCATCACGTCCTTCGCCGCGGGCTTCGTGAAGATCCGCTGGGCGCGCTGGTCCAAGCTGCTCATCGCGGGCGTCACGGCCACGCAGGCGGGGCTGGTCTTCCTTCTGGCGCACACGCGCCACCCGAGCAGCATCTGGCTGTGCTATGCGGCCTTCGTGCTGTTCCGCGGCTCCTACCAGTTCCTCGTGCCCATCGCCAC                                                      "
" ","Intron 4-5","45,530,769","45,525,959","","","4,811","                              {""provisional"":{""ref"":{""style"":[[0,""""],[0,""color:#aaaaaa""]]},""flourishes"":{},""legend"":{""exons/Introns"":{""utr"":{""text"":""UTR"",""label"":""#cd6839"",""default"":null,""class"":""eu""},""exon1"":{""label"":""#1044ee"",""text"":""Translated sequence"",""default"":null,""class"":""e1""},""intron"":{""text"":""Intron sequence"",""label"":""#aaaaaa"",""class"":""ei"",""default"":null},""flanking"":{""class"":""ef"",""default"":null,""text"":""Flanking sequence"",""label"":""#008000""}},""_messages"":[]},""seq"":[{""style"":[1]}],""expect"":[]},""url"":""/Homo_sapiens/Component/Transcript/Exons/exons?db=core;g=ENSG00000173638;r=21:45493572-45573365;t=ENST00000311124;time=1707234599277.277;adorn=only""}                gtgagttccagaagggtgggaagcc..........tgatctgcccgctcttcccgttcag                "
"5","ENSE00002299646","45,525,958","45,525,817","2","0","142","                              {""url"":""/Homo_sapiens/Component/Transcript/Exons/exons?db=core;g=ENSG00000173638;r=21:45493572-45573365;t=ENST00000311124;time=1707234599277.277;adorn=only"",""provisional"":{""expect"":[],""legend"":{""exons/Introns"":{""utr"":{""class"":""eu"",""default"":null,""label"":""#cd6839"",""text"":""UTR""},""exon1"":{""text"":""Translated sequence"",""label"":""#1044ee"",""class"":""e1"",""default"":null},""intron"":{""class"":""ei"",""default"":null,""label"":""#aaaaaa"",""text"":""Intron sequence""},""flanking"":{""class"":""ef"",""default"":null,""text"":""Flanking sequence"",""label"":""#008000""}},""_messages"":[]},""seq"":[{""style"":[1]},-1,{""style"":[1,-21,0]}],""flourishes"":{},""ref"":{""style"":[[0,""""],[0,""color:#1044ee""]]}}}                CTTTCAGATTGCATCTTCTCTGTCTAAAGAGCTCTGTGCCCTGGTCTTCGGGGTCAACACGTTCTTTGCCACCATCGTCAAGACCATCATCACTTTCATTGTCTCGGACGTGCGGGGCCTGGGCCTCCCGGTCCGCAAGCAG                                                      "
" ","Intron 5-6","45,525,816","45,516,141","","","9,676","                              {""provisional"":{""seq"":[{""style"":[1]}],""legend"":{""exons/Introns"":{""utr"":{""label"":""#cd6839"",""text"":""UTR"",""class"":""eu"",""default"":null},""exon1"":{""default"":null,""class"":""e1"",""text"":""Translated sequence"",""label"":""#1044ee""},""intron"":{""text"":""Intron sequence"",""label"":""#aaaaaa"",""class"":""ei"",""default"":null},""flanking"":{""label"":""#008000"",""text"":""Flanking sequence"",""class"":""ef"",""default"":null}},""_messages"":[]},""expect"":[],""ref"":{""style"":[[0,""""],[0,""color:#aaaaaa""]]},""flourishes"":{}},""url"":""/Homo_sapiens/Component/Transcript/Exons/exons?db=core;g=ENSG00000173638;r=21:45493572-45573365;t=ENST00000311124;time=1707234599277.277;adorn=only""}                gtgagcccatttcaggcctgcgtcc..........cgcctcacccggcctctctttccag                "
"6","ENSE00001210645","45,516,140","45,512,565","0","-","3,576","                              {""provisional"":{""expect"":[],""legend"":{""exons/Introns"":{""utr"":{""default"":null,""class"":""eu"",""label"":""#cd6839"",""text"":""UTR""},""exon1"":{""class"":""e1"",""default"":null,""text"":""Translated sequence"",""label"":""#1044ee""},""intron"":{""label"":""#aaaaaa"",""text"":""Intron sequence"",""class"":""ei"",""default"":null},""flanking"":{""class"":""ef"",""default"":null,""text"":""Flanking sequence"",""label"":""#008000""}},""_messages"":[]},""seq"":[{""style"":[1]},-7,{""style"":[1,-2,2]},{""style"":[2]},-49,{""style"":[2,-35,0]}],""flourishes"":{},""ref"":{""style"":[[0,""""],[0,""color:#1044ee""],[7,""cd6839""]]}},""url"":""/Homo_sapiens/Component/Transcript/Exons/exons?db=core;g=ENSG00000173638;r=21:45493572-45573365;t=ENST00000311124;time=1707234599277.277;adorn=only""}                TTCCAGTTATACTCCGTGTACTTCCTGATCCTGTCCATCATCTACTTCTTGGGGGCCATGCTGGATGGCCTGCGGCACTGCCAGCGGGGCCACCACCCGCGGCAGCCCCCGGCCCAGGGCCTGAGGAGTGCCGCGGAGGAGAAGGCAGCACAGGCACTGAGCGTGCAGGACAAGGGCCTCGGAGGCCTGCAGCCAGCCCAGAGCCCGCCGCTTTCCCCAGAAGACAGCCTGGGGGCTGTGGGGCCAGCCTCCCTGGAGCAGAGACAGAGCGACCCATACCTGGCCCAGGCCCCGGCCCCGCAGGCAGCTGAATTCCTGAGCCCAGTGACAACCCCTTCCCCCTGCACTCTGTGCTCCGCCCAAGCCTCAGGCCCTGAGGCTGCAGATGAGACTTGTCCCCAGCTGGCTGTCCATCCTCCTGGTGTCAGCAAGCTGGGTTTGCAGTGTCTTCCAAGCGACGGTGTTCAGAATGTGAACCAGTGACTCTCGGGCGCCCCTGTGGTAACTTTGCAGGCGGCCCTCAGTGCATCCCCACGACCCCTGCCTCGAGGGCCGCCTGCCTTAGCAATGGGGGCCTCCGCTTATCCTGCTAGCAGGCCCCCTAGGATTCCCCCTGCCCTGTGCCGCACTCTGGCGGTGGCCACAGCGTGCTGGCGACACTCAGGGCAGCTGCCTGGCCATGCTGTCCCTGCACTGTGCCCCGCGGGCTTTGTTGCTGGAAGAGGTGGGTGGTGGGCTTCTGCGTCCACCAGGCCTCACTGGCTCATGCCCCTTGGGGGGCTTGAGACAAATCCTTTCTGCCCCCCAGGGCTAGTGAAGTGGCCTCTTGGATACCAGCTCAGGGGACACTGGCCCCACAGGAGTTGTGAGCCCTCTAGGGCAGGGTGGGAGCCGGGACCCTCAGGTGTAGCTGAGCTGTGACATTGCTGGTCATCCTTGGTGCTCTTGCTTTTTTGAAAGATGCTTTTTTTTTTTTTAACTGACGTAGAATGAAGAACTGCATGTGGCTTCTCTGTCTCTGTGGAAAAGCCATCTCAGGTTGGCGGCAGACACATTGTCATCAGAGGGGAGCAGCGGCTCTGGTCCTCGGAGCTGGTTCCTCTCTCCCACCCTAAGGGCAGCCCTCCATGGTCCTGTCTGTCCTTCTGAAGTGTGTCCATCCTGACCTGCGGGTCCTCAGCTGCTCCCACACTTGTGCCAGCCCGGAGGGGACTGGTCCCGGTCACCGCGGACGTGCTGGCCTTGGTATGTGCCAGGCTTGCCTGGGCTGGGCAGCCTTGGGGGGGCTGCCTTTGTGGTGGGCGCTGGGGAAGTACGTCCCAGCGGCCTCAGGGTCTAAGGAGCGCTAGTGCCTTGCCCACAGGTGCGGGACCATCTGATGTGATGTGAATACTCTTCCCACATACATTAAACACACTTAAGTGAGTGTGCGCAGGGCTTCTGATTCAGGGCCGGCCTGGCCTGGGGGTTGAGGGTCAGCAGTCAGTGAGGAGGCCAGGAGAGGCGTCCCAGCCTTCTCCCGCCTCCAGCCCACGCAGGGCCTTGGTGCCCATGAGCTGAGCACCCCCACAACCCTAGTCAACGGCCCTATCCTGTGGGGCCTCTGCCACATCTCAGCGGCCCCAGGTGAATGGCTGGCTGCTCAGCACGGAGAGCTGGGGAGAGAATCTCTGGCTGGGGAGGGGCTGCTGGAGCTGCTGGACCCAGGGGTCTCCCGAGGTGGCTCAGGGGAGCAGGCATCTTGGGGTACCCTGGGTTGAGGCAGAGGCTGCACGTGGAAGATGGCCCGAGTCAGTGGATGGTGCCAGTCAGACAGGGCCATGGTCCCAGGTGCATCCAGGGGCTCTGTCATGGCCACCCTGGGGACCCTGCTTGGGGGGGGGTCTGCACCAGCCATTTCCTGGGCTCGTAGATCTAGCAGGATGTGATGGGTGGAGGTGGGCTGGGCCTGTGCCATGGGCTAGAGCGTCACTGGGGAGGCCCACACCGCCATCAGAATCCTCCTCCCAGCGCCTCCCCAACCTGAGGGCCTGCTCCCTCCGCAGCCTGCTCACTGCACCCACTGCCTGCCTGCCTCTGAGTCCTGCACTCACCCGTCCACCAGGACAGGGATGGCTGTCAGGATGTAGTGTTGCTGGGAGCAAGTCAGGTCCTGCTGTGAGGAGAGACCTAAGAGTGTTGGTGTGTGTCCACACACCCGTGCATGCCTGTGTACCTGTGCACACTATGGATGCTCCTGCACACCTGTGTACAACTGCACGCCTGTGTATGGCCATGCATGCATACCCCATGTAACCGTGCGTGCCTGTGCACACTCGGGATCTGCCAGTGGGGCAGTCCAGGGATAAAAGACTCCTGAGAACTCCTTTTGGAGAATTGTGTCCTTCCTGTGACAGTGAAGGCTGCTTGCAAACCAAGAGTCAGTGTAAAAGGTCACTTTTATTTGCCTGTCTGAATTGGCTTCACATCACACACAATTACAGAACCAGCCCCACCGGTTTCGTCGCAGTCCTGAGGCAGGTGCGTGTTGGCTGTGCTGTGGTCAGCCTGGCGCTGCCCTGAGTCCACTTGTCCCTCCACAGAACGAATGACTCGGGTTGATGTTGCCGGATCTCAGGGGTGGCTGTGACTGACAGAGGACCTTGTTGCACCTCGTGGCTGCTTTGTTCACCCGCAGGGCGGCCTGTGGGCACCCCGGGGTTCCCCTTCAGTCCCAAGGAGGGTAAGGATATGGGTTTCCTAGGAGACAGCCAATGACTGCCCTGCATCTGGAGCCAGCCTGTCCATGGGCAGTGCACAGATGACAGCCCTCCCTCACTGCCCTGTGTGCTGGCTACCGCATGTCCTGTGCCAGCCTCAGCCTCTTTGATGTGGCCGTGTTCCATCCTGGCGCTCAGCTGGACAAGTGCTGGCTGAGCCACGTCCCAGCCAGGGGCATGAGATGGGGGCCCTGGATGGGAGGCTGCCAGACCCCAACTCATGGGTCCCTTGAATCTCCCAGCTTGGACTCGGCCAGGGTGGAGCTGTCTGCTTTGGATGTATCATCTCATGGCTCATTTGGGAGGCCAGCCCCAGGCTGCTGTGCTTGGTGTTGGAGGACAGGCCGGAGCTGGGGGTCACAGTGCGCCTCTGAGCTTGGGAACCTGCTTCAGCCTGGGGTTGCTGTGGAGAATGGCCCAGAGCTGAGCAGAAGGGGCTCCCCCTAGCCCCAGGGACCTGAGCCTCCCTCCCATCTACCGCAGGGCGAGCACACACCCTGGAGGAGCCCAGATGGCCTTGTGCTGAGTGTGGCCTCAGCTCCCATTGCCTCACGGGGCCTGTCTGCTAACAGGTCTGGGTTTTGTGCACAGAACGGTGCTGCTAGGTGGGAGATGAAGTCAGCACCTGCTGGGGCGAGCACGGCTTCCCAAAGCAGGAAATCCTGGAGAAATCGAGCCGTGGTCTGATCAGGCCAAGAGGTTGCACAGGGCATGATACTGCACCCTGCCTGACCCAGCTGGGCTCACAGGTCAGGGGAGAGTTGGGGCAGGTGAATGTCAGCATCAGGCTTCTGTTTTAAACTTTTAAAAAAATACA                                        "
"","3' downstream sequence","","","","","","                              {""provisional"":{""ref"":{""style"":[[0,""""],[0,""color:#008000""]]},""flourishes"":{},""seq"":[{""style"":[1]}],""legend"":{""exons/Introns"":{""utr"":{""label"":""#cd6839"",""text"":""UTR"",""default"":null,""class"":""eu""},""exon1"":{""text"":""Translated sequence"",""label"":""#1044ee"",""default"":null,""class"":""e1""},""intron"":{""class"":""ei"",""default"":null,""text"":""Intron sequence"",""label"":""#aaaaaa""},""flanking"":{""default"":null,""class"":""ef"",""label"":""#008000"",""text"":""Flanking sequence""}},""_messages"":[]},""expect"":[]},""url"":""/Homo_sapiens/Component/Transcript/Exons/exons?db=core;g=ENSG00000173638;r=21:45493572-45573365;t=ENST00000311124;time=1707234599277.277;adorn=only""}                ctctttggcttccttttatttcttgaggattacatgaaacgtgaactata..........                "
