"No.","Exon / Intron","Start","End","Start Phase","End Phase","Length","Sequence"
"","5' upstream sequence","","","","","","                              {""provisional"":{""flourishes"":{},""ref"":{""style"":[[0,""""],[0,""color:#008000""]]},""expect"":[],""legend"":{""exons/Introns"":{""flanking"":{""label"":""#008000"",""text"":""Flanking sequence"",""default"":null,""class"":""ef""}},""_messages"":[]},""seq"":[{""style"":[1]}]},""url"":""/Homo_sapiens/Component/Transcript/Exons/exons?db=core;g=ENSG00000137364;r=6:18128311-18155077;t=ENST00000309983;time=1707234707700.7;adorn=only""}                ..........cgcggagaagtggcggaggtggaagcggaggcgtacccgcccctggggac                "
"1","ENSE00001478514","18,155,077","18,155,033","-","-","45","                              {""provisional"":{""expect"":[],""seq"":[{""style"":[1,-44,0]}],""legend"":{""exons/Introns"":{""utr"":{""text"":""UTR"",""label"":""#cd6839"",""default"":null,""class"":""eu""},""exon1"":{""default"":null,""class"":""e1"",""text"":""Translated sequence"",""label"":""#1044ee""},""flanking"":{""class"":""ef"",""default"":null,""text"":""Flanking sequence"",""label"":""#008000""}},""_messages"":[]},""flourishes"":{},""ref"":{""style"":[[0,""""],[0,""color:#cd6839""]]}},""url"":""/Homo_sapiens/Component/Transcript/Exons/exons?db=core;g=ENSG00000137364;r=6:18128311-18155077;t=ENST00000309983;time=1707234707700.7;adorn=only""}                GTCATTGGTGGCGGAGGCAATGGCCGGCAACCAGCTGTAAGCGAG                               "
" ","Intron 1-2","18,155,032","18,149,172","","","5,861","                              {""url"":""/Homo_sapiens/Component/Transcript/Exons/exons?db=core;g=ENSG00000137364;r=6:18128311-18155077;t=ENST00000309983;time=1707234707700.7;adorn=only"",""provisional"":{""legend"":{""exons/Introns"":{""intron"":{""default"":null,""class"":""ei"",""text"":""Intron sequence"",""label"":""#aaaaaa""},""exon1"":{""label"":""#1044ee"",""text"":""Translated sequence"",""class"":""e1"",""default"":null},""utr"":{""default"":null,""class"":""eu"",""text"":""UTR"",""label"":""#cd6839""},""flanking"":{""label"":""#008000"",""text"":""Flanking sequence"",""class"":""ef"",""default"":null}},""_messages"":[]},""seq"":[{""style"":[1]}],""expect"":[],""ref"":{""style"":[[0,""""],[0,""color:#aaaaaa""]]},""flourishes"":{}}}                gtaggctcactcgggcgcggagggt..........aacattgcaaatattttccacgtag                "
"2","ENSE00000928742","18,149,171","18,148,988","-","2","184","                              {""url"":""/Homo_sapiens/Component/Transcript/Exons/exons?db=core;g=ENSG00000137364;r=6:18128311-18155077;t=ENST00000309983;time=1707234707700.7;adorn=only"",""provisional"":{""ref"":{""style"":[[0,""""],[0,""color:#1044ee""],[7,""cd6839""]]},""flourishes"":{},""legend"":{""exons/Introns"":{""intron"":{""text"":""Intron sequence"",""label"":""#aaaaaa"",""class"":""ei"",""default"":null},""exon1"":{""class"":""e1"",""default"":null,""text"":""Translated sequence"",""label"":""#1044ee""},""utr"":{""class"":""eu"",""default"":null,""text"":""UTR"",""label"":""#cd6839""},""flanking"":{""text"":""Flanking sequence"",""label"":""#008000"",""default"":null,""class"":""ef""}},""_messages"":[]},""seq"":[{""style"":[2,-43,1]},{""style"":[1]},-1,{""style"":[1,-3,0]}],""expect"":[]}}                GCACGGAAGACATATGCTTGTGAGACAAAGGTGTCTCTGAAACTATGGATGGTACAAGAACTTCACTTGACATTGAAGAGTACTCGGATACTGAGGTACAGAAAAACCAAGTACTAACTCTGGAAGAATGGCAAGACAAGTGGGTGAACGGCAAGACTGCTTTTCATCAGGAACAAGGACATCA                                                                        "
" ","Intron 2-3","18,148,987","18,147,916","","","1,072","                              {""provisional"":{""ref"":{""style"":[[0,""""],[0,""color:#aaaaaa""]]},""flourishes"":{},""legend"":{""exons/Introns"":{""intron"":{""label"":""#aaaaaa"",""text"":""Intron sequence"",""class"":""ei"",""default"":null},""exon1"":{""label"":""#1044ee"",""text"":""Translated sequence"",""default"":null,""class"":""e1""},""utr"":{""text"":""UTR"",""label"":""#cd6839"",""class"":""eu"",""default"":null},""flanking"":{""text"":""Flanking sequence"",""label"":""#008000"",""default"":null,""class"":""ef""}},""_messages"":[]},""seq"":[{""style"":[1]}],""expect"":[]},""url"":""/Homo_sapiens/Component/Transcript/Exons/exons?db=core;g=ENSG00000137364;r=6:18128311-18155077;t=ENST00000309983;time=1707234707700.7;adorn=only""}                gtaagaaatatttggtatacaatag..........aaacctttttttttttcctcttcag                "
"3","ENSE00000928741","18,147,915","18,147,823","2","2","93","                              {""provisional"":{""legend"":{""exons/Introns"":{""intron"":{""label"":""#aaaaaa"",""text"":""Intron sequence"",""class"":""ei"",""default"":null},""exon1"":{""label"":""#1044ee"",""text"":""Translated sequence"",""default"":null,""class"":""e1""},""utr"":{""default"":null,""class"":""eu"",""label"":""#cd6839"",""text"":""UTR""},""flanking"":{""label"":""#008000"",""text"":""Flanking sequence"",""default"":null,""class"":""ef""}},""_messages"":[]},""seq"":[{""style"":[1]},{""style"":[1,-32,0]}],""expect"":[],""ref"":{""style"":[[0,""""],[0,""color:#1044ee""]]},""flourishes"":{}},""url"":""/Homo_sapiens/Component/Transcript/Exons/exons?db=core;g=ENSG00000137364;r=6:18128311-18155077;t=ENST00000309983;time=1707234707700.7;adorn=only""}                GCTATTAAAGAAGCATTTAGATACTTTCCTTAAAGGCAAGAGTGGACTGAGGGTATTTTTTCCTCTTTGCGGAAAAGCGGTTGAGATGAAATG                                           "
" ","Intron 3-4","18,147,822","18,143,729","","","4,094","                              {""url"":""/Homo_sapiens/Component/Transcript/Exons/exons?db=core;g=ENSG00000137364;r=6:18128311-18155077;t=ENST00000309983;time=1707234707700.7;adorn=only"",""provisional"":{""ref"":{""style"":[[0,""""],[0,""color:#aaaaaa""]]},""flourishes"":{},""seq"":[{""style"":[1]}],""legend"":{""exons/Introns"":{""intron"":{""text"":""Intron sequence"",""label"":""#aaaaaa"",""class"":""ei"",""default"":null},""exon1"":{""default"":null,""class"":""e1"",""label"":""#1044ee"",""text"":""Translated sequence""},""utr"":{""label"":""#cd6839"",""text"":""UTR"",""default"":null,""class"":""eu""},""flanking"":{""text"":""Flanking sequence"",""label"":""#008000"",""default"":null,""class"":""ef""}},""_messages"":[]},""expect"":[]}}                gtatgagcagataaacattaacaga..........agtgtaaatgtatgattttatgcag                "
"4","ENSE00000928740","18,143,728","18,143,596","2","0","133","                              {""url"":""/Homo_sapiens/Component/Transcript/Exons/exons?db=core;g=ENSG00000137364;r=6:18128311-18155077;t=ENST00000309983;time=1707234707700.7;adorn=only"",""provisional"":{""flourishes"":{},""ref"":{""style"":[[0,""""],[0,""color:#1044ee""]]},""expect"":[],""seq"":[{""style"":[1]},-1,{""style"":[1,-12,0]}],""legend"":{""exons/Introns"":{""intron"":{""default"":null,""class"":""ei"",""label"":""#aaaaaa"",""text"":""Intron sequence""},""exon1"":{""class"":""e1"",""default"":null,""text"":""Translated sequence"",""label"":""#1044ee""},""utr"":{""label"":""#cd6839"",""text"":""UTR"",""default"":null,""class"":""eu""},""flanking"":{""default"":null,""class"":""ef"",""label"":""#008000"",""text"":""Flanking sequence""}},""_messages"":[]}}}                GTTTGCAGACCGGGGACACAGTGTAGTTGGTGTGGAAATCAGTGAACTTGGGATACAAGAATTTTTTACAGAGCAGAATCTTTCTTACTCAGAAGAACCAATCACCGAAATTCCTGGAACCAAAGTATTTAAG                                                               "
" ","Intron 4-5","18,143,595","18,139,718","","","3,878","                              {""provisional"":{""seq"":[{""style"":[1]}],""legend"":{""exons/Introns"":{""intron"":{""default"":null,""class"":""ei"",""label"":""#aaaaaa"",""text"":""Intron sequence""},""exon1"":{""label"":""#1044ee"",""text"":""Translated sequence"",""class"":""e1"",""default"":null},""utr"":{""default"":null,""class"":""eu"",""label"":""#cd6839"",""text"":""UTR""},""flanking"":{""class"":""ef"",""default"":null,""label"":""#008000"",""text"":""Flanking sequence""}},""_messages"":[]},""expect"":[],""ref"":{""style"":[[0,""""],[0,""color:#aaaaaa""]]},""flourishes"":{}},""url"":""/Homo_sapiens/Component/Transcript/Exons/exons?db=core;g=ENSG00000137364;r=6:18128311-18155077;t=ENST00000309983;time=1707234707700.7;adorn=only""}                gtttgttttgatttgggtaaataat..........tttttttttcattatttcattacag                "
"5","ENSE00000928739","18,139,717","18,139,665","0","2","53","                              {""provisional"":{""legend"":{""exons/Introns"":{""intron"":{""label"":""#aaaaaa"",""text"":""Intron sequence"",""default"":null,""class"":""ei""},""exon1"":{""label"":""#1044ee"",""text"":""Translated sequence"",""class"":""e1"",""default"":null},""utr"":{""label"":""#cd6839"",""text"":""UTR"",""default"":null,""class"":""eu""},""flanking"":{""label"":""#008000"",""text"":""Flanking sequence"",""class"":""ef"",""default"":null}},""_messages"":[]},""seq"":[{""style"":[1,-52,0]}],""expect"":[],""ref"":{""style"":[[0,""""],[0,""color:#1044ee""]]},""flourishes"":{}},""url"":""/Homo_sapiens/Component/Transcript/Exons/exons?db=core;g=ENSG00000137364;r=6:18128311-18155077;t=ENST00000309983;time=1707234707700.7;adorn=only""}                AGTTCTTCGGGGAACATTTCATTGTACTGTTGCAGTATTTTTGATCTTCCCAG                       "
" ","Intron 5-6","18,139,664","18,139,038","","","627","                              {""provisional"":{""flourishes"":{},""ref"":{""style"":[[0,""""],[0,""color:#aaaaaa""]]},""expect"":[],""legend"":{""exons/Introns"":{""intron"":{""default"":null,""class"":""ei"",""label"":""#aaaaaa"",""text"":""Intron sequence""},""exon1"":{""text"":""Translated sequence"",""label"":""#1044ee"",""class"":""e1"",""default"":null},""utr"":{""text"":""UTR"",""label"":""#cd6839"",""class"":""eu"",""default"":null},""flanking"":{""label"":""#008000"",""text"":""Flanking sequence"",""default"":null,""class"":""ef""}},""_messages"":[]},""seq"":[{""style"":[1]}]},""url"":""/Homo_sapiens/Component/Transcript/Exons/exons?db=core;g=ENSG00000137364;r=6:18128311-18155077;t=ENST00000309983;time=1707234707700.7;adorn=only""}                gtaggttgaatactacatctgcact..........aaaatgttttttctctttctggtag                "
"6","ENSE00000928738","18,139,037","18,138,963","2","2","75","                              {""provisional"":{""expect"":[],""seq"":[{""style"":[1]},{""style"":[1,-14,0]}],""legend"":{""exons/Introns"":{""intron"":{""label"":""#aaaaaa"",""text"":""Intron sequence"",""class"":""ei"",""default"":null},""exon1"":{""text"":""Translated sequence"",""label"":""#1044ee"",""default"":null,""class"":""e1""},""utr"":{""default"":null,""class"":""eu"",""text"":""UTR"",""label"":""#cd6839""},""flanking"":{""class"":""ef"",""default"":null,""label"":""#008000"",""text"":""Flanking sequence""}},""_messages"":[]},""flourishes"":{},""ref"":{""style"":[[0,""""],[0,""color:#1044ee""]]}},""url"":""/Homo_sapiens/Component/Transcript/Exons/exons?db=core;g=ENSG00000137364;r=6:18128311-18155077;t=ENST00000309983;time=1707234707700.7;adorn=only""}                GACAAATATTGGCAAATTTGACATGATTTGGGATAGAGGAGCATTAGTTGCCATCAATCCAGGTGATCGCAAATG                                                             "
" ","Intron 6-7","18,138,962","18,133,890","","","5,073","                              {""provisional"":{""legend"":{""exons/Introns"":{""intron"":{""class"":""ei"",""default"":null,""text"":""Intron sequence"",""label"":""#aaaaaa""},""exon1"":{""text"":""Translated sequence"",""label"":""#1044ee"",""class"":""e1"",""default"":null},""utr"":{""label"":""#cd6839"",""text"":""UTR"",""class"":""eu"",""default"":null},""flanking"":{""default"":null,""class"":""ef"",""text"":""Flanking sequence"",""label"":""#008000""}},""_messages"":[]},""seq"":[{""style"":[1]}],""expect"":[],""ref"":{""style"":[[0,""""],[0,""color:#aaaaaa""]]},""flourishes"":{}},""url"":""/Homo_sapiens/Component/Transcript/Exons/exons?db=core;g=ENSG00000137364;r=6:18128311-18155077;t=ENST00000309983;time=1707234707700.7;adorn=only""}                gtaagtaatttttctttttttgttt..........aaataccttcttgtgttctttgtag                "
"7","ENSE00000928737","18,133,889","18,133,804","2","1","86","                              {""provisional"":{""legend"":{""exons/Introns"":{""intron"":{""text"":""Intron sequence"",""label"":""#aaaaaa"",""default"":null,""class"":""ei""},""exon1"":{""default"":null,""class"":""e1"",""text"":""Translated sequence"",""label"":""#1044ee""},""utr"":{""default"":null,""class"":""eu"",""label"":""#cd6839"",""text"":""UTR""},""flanking"":{""class"":""ef"",""default"":null,""text"":""Flanking sequence"",""label"":""#008000""}},""_messages"":[]},""seq"":[{""style"":[1]},{""style"":[1,-25,0]}],""expect"":[],""ref"":{""style"":[[0,""""],[0,""color:#1044ee""]]},""flourishes"":{}},""url"":""/Homo_sapiens/Component/Transcript/Exons/exons?db=core;g=ENSG00000137364;r=6:18128311-18155077;t=ENST00000309983;time=1707234707700.7;adorn=only""}                CTATGCAGATACAATGTTTTCCCTCCTGGGAAAGAAGTTTCAGTATCTCCTGTGTGTTCTTTCTTATGATCCAACTAAACATCCAG                                                  "
" ","Intron 7-8","18,133,803","18,132,178","","","1,626","                              {""provisional"":{""flourishes"":{},""ref"":{""style"":[[0,""""],[0,""color:#aaaaaa""]]},""expect"":[],""seq"":[{""style"":[1]}],""legend"":{""exons/Introns"":{""intron"":{""default"":null,""class"":""ei"",""label"":""#aaaaaa"",""text"":""Intron sequence""},""exon1"":{""text"":""Translated sequence"",""label"":""#1044ee"",""default"":null,""class"":""e1""},""utr"":{""class"":""eu"",""default"":null,""text"":""UTR"",""label"":""#cd6839""},""flanking"":{""default"":null,""class"":""ef"",""label"":""#008000"",""text"":""Flanking sequence""}},""_messages"":[]}},""url"":""/Homo_sapiens/Component/Transcript/Exons/exons?db=core;g=ENSG00000137364;r=6:18128311-18155077;t=ENST00000309983;time=1707234707700.7;adorn=only""}                gtaaagttgttgggttttttttttt..........cagaatttatttctcttttacctag                "
"8","ENSE00000928736","18,132,177","18,132,133","1","1","45","                              {""url"":""/Homo_sapiens/Component/Transcript/Exons/exons?db=core;g=ENSG00000137364;r=6:18128311-18155077;t=ENST00000309983;time=1707234707700.7;adorn=only"",""provisional"":{""seq"":[{""style"":[1,-44,0]}],""legend"":{""exons/Introns"":{""intron"":{""default"":null,""class"":""ei"",""label"":""#aaaaaa"",""text"":""Intron sequence""},""exon1"":{""label"":""#1044ee"",""text"":""Translated sequence"",""default"":null,""class"":""e1""},""utr"":{""text"":""UTR"",""label"":""#cd6839"",""default"":null,""class"":""eu""},""flanking"":{""text"":""Flanking sequence"",""label"":""#008000"",""default"":null,""class"":""ef""}},""_messages"":[]},""expect"":[],""ref"":{""style"":[[0,""""],[0,""color:#1044ee""]]},""flourishes"":{}}}                GTCCACCATTTTATGTTCCACATGCTGAAATTGAAAGGTTGTTTG                               "
" ","Intron 8-9","18,132,132","18,130,781","","","1,352","                              {""provisional"":{""flourishes"":{},""ref"":{""style"":[[0,""""],[0,""color:#aaaaaa""]]},""expect"":[],""seq"":[{""style"":[1]}],""legend"":{""exons/Introns"":{""intron"":{""default"":null,""class"":""ei"",""label"":""#aaaaaa"",""text"":""Intron sequence""},""exon1"":{""label"":""#1044ee"",""text"":""Translated sequence"",""default"":null,""class"":""e1""},""utr"":{""class"":""eu"",""default"":null,""text"":""UTR"",""label"":""#cd6839""},""flanking"":{""default"":null,""class"":""ef"",""text"":""Flanking sequence"",""label"":""#008000""}},""_messages"":[]}},""url"":""/Homo_sapiens/Component/Transcript/Exons/exons?db=core;g=ENSG00000137364;r=6:18128311-18155077;t=ENST00000309983;time=1707234707700.7;adorn=only""}                gtaagtttgtggacttatgctgtaa..........aacatgttactctttcttgtttcag                "
"9","ENSE00001209706","18,130,780","18,128,311","1","-","2,470","                              {""url"":""/Homo_sapiens/Component/Transcript/Exons/exons?db=core;g=ENSG00000137364;r=6:18128311-18155077;t=ENST00000309983;time=1707234707700.7;adorn=only"",""provisional"":{""flourishes"":{},""ref"":{""style"":[[0,""""],[0,""color:#1044ee""],[7,""cd6839""]]},""expect"":[],""seq"":[{""style"":[1]},{""style"":[1,-52,2]},{""style"":[2]},-38,{""style"":[2,-9,0]}],""legend"":{""exons/Introns"":{""intron"":{""text"":""Intron sequence"",""label"":""#aaaaaa"",""default"":null,""class"":""ei""},""exon1"":{""class"":""e1"",""default"":null,""text"":""Translated sequence"",""label"":""#1044ee""},""utr"":{""label"":""#cd6839"",""text"":""UTR"",""default"":null,""class"":""eu""},""flanking"":{""class"":""ef"",""default"":null,""text"":""Flanking sequence"",""label"":""#008000""}},""_messages"":[]}}}                GTAAAATATGCAATATACGTTGTCTTGAGAAGGTTGATGCTTTTGAAGAACGACATAAAAGTTGGGGAATTGACTGTCTTTTTGAAAAGTTATATCTACTTACAGAAAAGTAAATGAGACATAGATAAAATAAAATCACACTGACATGTTTTTGAGGAATTGAAAATTATGCTAAAGCCTGAAAATGTAATGGATGAATTTTTAAAATTGTTTATAAATCATATGATAGATCTTTACTAAAAATGGCTTTTTAGTAAAGCCATTTACTTTTTCTAAAAAAGTTTTAGAAGAAAAAGATGTAACTAAACTTTTAAAGTAGCTCCTTTGGAGAGGAGATTATGATGTGAAAGATTATGCCTATGTGTCTTGCAGATTGCAAGATATTTTACCAATCAGCATGTGTTACCTGTACAATTAAAAAAATATTTCAAAATGCAATGCATATTAAATATAATACACACAGAAAAACTGGCATTTATTTTGTTTTATTTTTTTGAGATGGAGTTTCGTTCTTGTTGCCCAACCTGGAGTGCAATGGTGCAATCTCAGCTCACTGCAACCTCTGCCTCCCAGGTTCAGGTGATTCTCCTGCCTCAGCCTCCTGAGTAGCTGGGATTACAGGTGTGCGCCACCACGCCCAGCTAATTTTTTGTATTTTTAGTAGAGACAGGGTTTCACCATGTTGGTCAGGCTGATCTCGAGCTCCTGACCTCAGGTGATCTACCCACCTCGGCCTCCCAAAGTGCTGGGATTACAGGCGTGAGCCACTGCACCTGGCCTGACATTCTTTATGAAATTTAGAATTGTTGAAGAACTATAACATTTCAGTAGGGTTCAAGGTGGTCCCAAAAGTTATATAAAAGATTAGTTTTTACTATAAACCCTTGTCTTTTACTCAGATCCTAGCATCCCTTTTCACATGGTTTCTCCATGTATATAACAGAATCAAGAAACAAATTTTAATTAAACAATCTGTAACAGAATCAAGAAACAAATACATTTTAATTAAACAATCTATATGGAACAAACATTCCCAAATTCTAAGAATAAATTTTTCTTTAAGTTTTCTCTGAGTTTGGCAATTGTTGTTTTTTATAATTTAATCTGTTTAAATCATCAGGTCTTATAAAATATAATGTACTTAGAGCTGGATTCATGGCTGTTTATTATGAAAGGTTAGATTTCTCAGTTCTTCTTTAACCACATTTTGTTATATCAGACAGTCCTCTATAACTCTGTACTACCCAACAACTAAATGGTTTAGATTGTTTAGCTCATGTTAATAGGATGGTTGTGTATTATAAAAAACGAGTTACGTGTGTGTGTGCACGCATGCACGCACATGTGCTGGCTTAAAGGTTGTTAATGCAAGGTTTGGGGTCCCCTTTAACACTGGTGAAAGCTACGGTACTCTCCCCAGAGATATGTCTTGTCAGCCTCTCTAGTTCCCCTTGGCCTGCATGTACAAACTTCTACCCTAGAAGCTCTCTGCCATCGATGTATTCTAATAGATTTGTAAGGCTATTAATTTGAAGCAACTCCTTGCTCACAGTGATTCTTGCTTCTCTGAGACCTGCTCCCAGTCGATACTGTGGGCTTCAGAAGCCATGACTCCCCAACTCTGCCTGTATCACCGGTTGAATGGACAACTAACCCGAGCTGGACCAACACAATTCTCTCCAGAGACTTTTGATTTTACTTTTATGTAGAGACAGGGTCTCACTTTGTTGCCCACGCTGATGTTGAACTTGACGTGAGGCCTCAAGCAGTCCTCCTGTCTTGGCCACCCAAAGTGCTAGGATTACAGGTATGAGCCATTGCGCTGGCCCTCTTCATAGGCTTTTGGACTTGGGAATAGAAAAGCAACCCCGTCTCTACTAAAAATACAAAAAAATTAGCCAGGCGTGGTGGCACGTGCCTGTAATCCCAGCTACTTGGGAGGCTGAGGCAGGAGAATCACTTGAACCTAGGAGGCGGAGGTTGCAGTGAGCTGAGATCATGCCACTGCACGCAAGCCTGGGCAACAGAGCAAGACTCTGTCTCAAAAGAAAGAAAAAGAAAAGAAAAAAAAGAAAGGCAAGTTGACTGCTGAAAGGGGAATCTGTGTACGCCTGGGAGCTGTGGGGCAGCCACATTCCAGCACATGGATCTGAGAAACAGAACGCTGATCTGCAGAAAGAGATGAGAACCAAAGAGAGGCCACCTGCGTCCTGGGTCCATTTTCATCCTCCCTGAAGCCCAGCTGCCCAGGGTGGGGAGAAACACCCTGTGTCCATGGGATAGAGTCCTTTCCGCTTGCAGTTGTGCCCAAAGAATCTTAAATACAAATGAGATATCCTTAGGTAGTTGATCATTTATGTAATATGTGTCTTCACTGGGGAATACTGACTTCCTAAAATCTCAAGATGGAAGATATACCACATGTAAATTATTTTAGAGCAATTAAATTGTTTTCAGGATTTTCCAAAAA                                                                  "
"","3' downstream sequence","","","","","","                              {""provisional"":{""ref"":{""style"":[[0,""""],[0,""color:#008000""]]},""flourishes"":{},""legend"":{""exons/Introns"":{""intron"":{""class"":""ei"",""default"":null,""label"":""#aaaaaa"",""text"":""Intron sequence""},""exon1"":{""default"":null,""class"":""e1"",""text"":""Translated sequence"",""label"":""#1044ee""},""utr"":{""class"":""eu"",""default"":null,""label"":""#cd6839"",""text"":""UTR""},""flanking"":{""class"":""ef"",""default"":null,""text"":""Flanking sequence"",""label"":""#008000""}},""_messages"":[]},""seq"":[{""style"":[1]}],""expect"":[]},""url"":""/Homo_sapiens/Component/Transcript/Exons/exons?db=core;g=ENSG00000137364;r=6:18128311-18155077;t=ENST00000309983;time=1707234707700.7;adorn=only""}                tgcttcttgtttcattttattatttaagtaacagattatctgagcctctg..........                "
