"No.","Exon / Intron","Start","End","Start Phase","End Phase","Length","Sequence"
"","5' upstream sequence","","","","","","                              {""provisional"":{""legend"":{""_messages"":[],""exons/Introns"":{""flanking"":{""default"":null,""class"":""ef"",""text"":""Flanking sequence"",""label"":""#008000""}}},""seq"":[{""style"":[1]}],""expect"":[],""ref"":{""style"":[[0,""""],[0,""color:#008000""]]},""flourishes"":{}},""url"":""/Homo_sapiens/Component/Transcript/Exons/exons?db=core;g=ENSG00000176890;r=18:657653-673578;t=ENST00000323274;time=1707234758849.849;adorn=only""}                ..........gcgggacggccgcgggaaaaggcgcgcggaaggggtcctgccaccgcgcc                "
"1","ENSE00001753233","657,653","657,947","-","1","295","                              {""url"":""/Homo_sapiens/Component/Transcript/Exons/exons?db=core;g=ENSG00000176890;r=18:657653-673578;t=ENST00000323274;time=1707234758849.849;adorn=only"",""provisional"":{""expect"":[],""seq"":[{""style"":[2]},{""style"":[2,-29,1]},{""style"":[1]},-1,{""style"":[1,-54,0]}],""legend"":{""_messages"":[],""exons/Introns"":{""utr"":{""text"":""UTR"",""label"":""#cd6839"",""class"":""eu"",""default"":null},""exon1"":{""class"":""e1"",""default"":null,""label"":""#1044ee"",""text"":""Translated sequence""},""flanking"":{""text"":""Flanking sequence"",""label"":""#008000"",""default"":null,""class"":""ef""}}},""flourishes"":{},""ref"":{""style"":[[0,""""],[0,""color:#1044ee""],[7,""cd6839""]]}}}                ACTTGGCCTGCCTCCGTCCCGCCGCGCCACTTGGCCTGCCTCCGTCCCGCCGCGCCACTTCGCCTGCCTCCGTCCCCCGCCCGCCGCGCCATGCCTGTGGCCGGCTCGGAGCTGCCGCGCCGGCCCTTGCCCCCCGCCGCACAGGAGCGGGACGCCGAGCCGCGTCCGCCGCACGGGGAGCTGCAGTACCTGGGGCAGATCCAACACATCCTCCGCTGCGGCGTCAGGAAGGACGACCGCACGGGCACCGGCACCCTGTCGGTATTCGGCATGCAGGCGCGCTACAGCCTGAGAG                     "
" ","Intron 1-2","657,948","659,640","","","1,693","                              {""url"":""/Homo_sapiens/Component/Transcript/Exons/exons?db=core;g=ENSG00000176890;r=18:657653-673578;t=ENST00000323274;time=1707234758849.849;adorn=only"",""provisional"":{""flourishes"":{},""ref"":{""style"":[[0,""""],[0,""color:#aaaaaa""]]},""expect"":[],""legend"":{""_messages"":[],""exons/Introns"":{""intron"":{""label"":""#aaaaaa"",""text"":""Intron sequence"",""class"":""ei"",""default"":null},""exon1"":{""label"":""#1044ee"",""text"":""Translated sequence"",""class"":""e1"",""default"":null},""utr"":{""text"":""UTR"",""label"":""#cd6839"",""class"":""eu"",""default"":null},""flanking"":{""default"":null,""class"":""ef"",""label"":""#008000"",""text"":""Flanking sequence""}}},""seq"":[{""style"":[1]}]}}                gtgacgccgcgggcccctgcgggac..........aaccgtatggcaaattgtttttcag                "
"2","ENSE00003556949","659,641","659,714","1","0","74","                              {""provisional"":{""flourishes"":{},""ref"":{""style"":[[0,""""],[0,""color:#1044ee""]]},""expect"":[],""seq"":[{""style"":[1]},{""style"":[1,-13,0]}],""legend"":{""_messages"":[],""exons/Introns"":{""intron"":{""label"":""#aaaaaa"",""text"":""Intron sequence"",""default"":null,""class"":""ei""},""exon1"":{""label"":""#1044ee"",""text"":""Translated sequence"",""default"":null,""class"":""e1""},""utr"":{""label"":""#cd6839"",""text"":""UTR"",""default"":null,""class"":""eu""},""flanking"":{""default"":null,""class"":""ef"",""text"":""Flanking sequence"",""label"":""#008000""}}}},""url"":""/Homo_sapiens/Component/Transcript/Exons/exons?db=core;g=ENSG00000176890;r=18:657653-673578;t=ENST00000323274;time=1707234758849.849;adorn=only""}                ATGAATTCCCTCTGCTGACAACCAAACGTGTGTTCTGGAAGGGTGTTTTGGAGGAGTTGCTGTGGTTTATCAAG                                                              "
" ","Intron 2-3","659,715","662,145","","","2,431","                              {""provisional"":{""seq"":[{""style"":[1]}],""legend"":{""_messages"":[],""exons/Introns"":{""intron"":{""default"":null,""class"":""ei"",""text"":""Intron sequence"",""label"":""#aaaaaa""},""exon1"":{""text"":""Translated sequence"",""label"":""#1044ee"",""default"":null,""class"":""e1""},""utr"":{""text"":""UTR"",""label"":""#cd6839"",""class"":""eu"",""default"":null},""flanking"":{""text"":""Flanking sequence"",""label"":""#008000"",""default"":null,""class"":""ef""}}},""expect"":[],""ref"":{""style"":[[0,""""],[0,""color:#aaaaaa""]]},""flourishes"":{}},""url"":""/Homo_sapiens/Component/Transcript/Exons/exons?db=core;g=ENSG00000176890;r=18:657653-673578;t=ENST00000323274;time=1707234758849.849;adorn=only""}                gtaaagaagtcgctgctattagaag..........gctctgctctccccatctcttccag                "
"3","ENSE00003483247","662,146","662,320","0","1","175","                              {""provisional"":{""ref"":{""style"":[[0,""""],[0,""color:#1044ee""]]},""flourishes"":{},""seq"":[{""style"":[1]},-1,{""style"":[1,-54,0]}],""legend"":{""_messages"":[],""exons/Introns"":{""intron"":{""default"":null,""class"":""ei"",""text"":""Intron sequence"",""label"":""#aaaaaa""},""exon1"":{""label"":""#1044ee"",""text"":""Translated sequence"",""default"":null,""class"":""e1""},""utr"":{""class"":""eu"",""default"":null,""text"":""UTR"",""label"":""#cd6839""},""flanking"":{""text"":""Flanking sequence"",""label"":""#008000"",""class"":""ef"",""default"":null}}},""expect"":[]},""url"":""/Homo_sapiens/Component/Transcript/Exons/exons?db=core;g=ENSG00000176890;r=18:657653-673578;t=ENST00000323274;time=1707234758849.849;adorn=only""}                GGATCCACAAATGCTAAAGAGCTGTCTTCCAAGGGAGTGAAAATCTGGGATGCCAATGGATCCCGAGACTTTTTGGACAGCCTGGGATTCTCCACCAGAGAAGAAGGGGACTTGGGCCCAGTTTATGGCTTCCAGTGGAGGCATTTTGGGGCAGAATACAGAGATATGGAATCAG                     "
" ","Intron 3-4","662,321","669,071","","","6,751","                              {""provisional"":{""ref"":{""style"":[[0,""""],[0,""color:#aaaaaa""]]},""flourishes"":{},""seq"":[{""style"":[1]}],""legend"":{""_messages"":[],""exons/Introns"":{""intron"":{""default"":null,""class"":""ei"",""label"":""#aaaaaa"",""text"":""Intron sequence""},""exon1"":{""class"":""e1"",""default"":null,""text"":""Translated sequence"",""label"":""#1044ee""},""utr"":{""label"":""#cd6839"",""text"":""UTR"",""default"":null,""class"":""eu""},""flanking"":{""default"":null,""class"":""ef"",""text"":""Flanking sequence"",""label"":""#008000""}}},""expect"":[]},""url"":""/Homo_sapiens/Component/Transcript/Exons/exons?db=core;g=ENSG00000176890;r=18:657653-673578;t=ENST00000323274;time=1707234758849.849;adorn=only""}                gtgaggagatagaacaatgccttcc..........tcctctctttttgacaattctacag                "
"4","ENSE00003679046","669,072","669,173","1","1","102","                              {""provisional"":{""seq"":[{""style"":[1]},{""style"":[1,-41,0]}],""legend"":{""_messages"":[],""exons/Introns"":{""intron"":{""default"":null,""class"":""ei"",""label"":""#aaaaaa"",""text"":""Intron sequence""},""exon1"":{""label"":""#1044ee"",""text"":""Translated sequence"",""default"":null,""class"":""e1""},""utr"":{""class"":""eu"",""default"":null,""label"":""#cd6839"",""text"":""UTR""},""flanking"":{""class"":""ef"",""default"":null,""label"":""#008000"",""text"":""Flanking sequence""}}},""expect"":[],""ref"":{""style"":[[0,""""],[0,""color:#1044ee""]]},""flourishes"":{}},""url"":""/Homo_sapiens/Component/Transcript/Exons/exons?db=core;g=ENSG00000176890;r=18:657653-673578;t=ENST00000323274;time=1707234758849.849;adorn=only""}                ATTATTCAGGACAGGGAGTTGACCAACTGCAAAGAGTGATTGACACCATCAAAACCAACCCTGACGACAGAAGAATCATCATGTGCGCTTGGAATCCAAGAG                                  "
" ","Intron 4-5","669,174","670,691","","","1,518","                              {""provisional"":{""expect"":[],""seq"":[{""style"":[1]}],""legend"":{""_messages"":[],""exons/Introns"":{""intron"":{""label"":""#aaaaaa"",""text"":""Intron sequence"",""default"":null,""class"":""ei""},""exon1"":{""class"":""e1"",""default"":null,""label"":""#1044ee"",""text"":""Translated sequence""},""utr"":{""text"":""UTR"",""label"":""#cd6839"",""class"":""eu"",""default"":null},""flanking"":{""text"":""Flanking sequence"",""label"":""#008000"",""default"":null,""class"":""ef""}}},""flourishes"":{},""ref"":{""style"":[[0,""""],[0,""color:#aaaaaa""]]}},""url"":""/Homo_sapiens/Component/Transcript/Exons/exons?db=core;g=ENSG00000176890;r=18:657653-673578;t=ENST00000323274;time=1707234758849.849;adorn=only""}                gttgaaagaaccccgtcgtcttcat..........ttatcttcctctgctggttcctcag                "
"5","ENSE00003521550","670,692","670,867","1","0","176","                              {""url"":""/Homo_sapiens/Component/Transcript/Exons/exons?db=core;g=ENSG00000176890;r=18:657653-673578;t=ENST00000323274;time=1707234758849.849;adorn=only"",""provisional"":{""expect"":[],""legend"":{""_messages"":[],""exons/Introns"":{""intron"":{""text"":""Intron sequence"",""label"":""#aaaaaa"",""default"":null,""class"":""ei""},""exon1"":{""default"":null,""class"":""e1"",""text"":""Translated sequence"",""label"":""#1044ee""},""utr"":{""class"":""eu"",""default"":null,""label"":""#cd6839"",""text"":""UTR""},""flanking"":{""class"":""ef"",""default"":null,""text"":""Flanking sequence"",""label"":""#008000""}}},""seq"":[{""style"":[1]},-1,{""style"":[1,-55,0]}],""flourishes"":{},""ref"":{""style"":[[0,""""],[0,""color:#1044ee""]]}}}                ATCTTCCTCTGATGGCGCTGCCTCCATGCCATGCCCTCTGCCAGTTCTATGTGGTGAACAGTGAGCTGTCCTGCCAGCTGTACCAGAGATCGGGAGACATGGGCCTCGGTGTGCCTTTCAACATCGCCAGCTACGCCCTGCTCACGTACATGATTGCGCACATCACGGGCCTGAAG                    "
" ","Intron 5-6","670,868","671,379","","","512","                              {""provisional"":{""expect"":[],""seq"":[{""style"":[1]}],""legend"":{""_messages"":[],""exons/Introns"":{""intron"":{""text"":""Intron sequence"",""label"":""#aaaaaa"",""default"":null,""class"":""ei""},""exon1"":{""text"":""Translated sequence"",""label"":""#1044ee"",""class"":""e1"",""default"":null},""utr"":{""default"":null,""class"":""eu"",""text"":""UTR"",""label"":""#cd6839""},""flanking"":{""text"":""Flanking sequence"",""label"":""#008000"",""default"":null,""class"":""ef""}}},""flourishes"":{},""ref"":{""style"":[[0,""""],[0,""color:#aaaaaa""]]}},""url"":""/Homo_sapiens/Component/Transcript/Exons/exons?db=core;g=ENSG00000176890;r=18:657653-673578;t=ENST00000323274;time=1707234758849.849;adorn=only""}                gtgggctgtctcgggaagggtgact..........tctgctttctcccccgggtttatag                "
"6","ENSE00003511087","671,380","671,451","0","0","72","                              {""url"":""/Homo_sapiens/Component/Transcript/Exons/exons?db=core;g=ENSG00000176890;r=18:657653-673578;t=ENST00000323274;time=1707234758849.849;adorn=only"",""provisional"":{""seq"":[{""style"":[1]},{""style"":[1,-11,0]}],""legend"":{""_messages"":[],""exons/Introns"":{""intron"":{""label"":""#aaaaaa"",""text"":""Intron sequence"",""default"":null,""class"":""ei""},""exon1"":{""class"":""e1"",""default"":null,""label"":""#1044ee"",""text"":""Translated sequence""},""utr"":{""text"":""UTR"",""label"":""#cd6839"",""default"":null,""class"":""eu""},""flanking"":{""class"":""ef"",""default"":null,""label"":""#008000"",""text"":""Flanking sequence""}}},""expect"":[],""ref"":{""style"":[[0,""""],[0,""color:#1044ee""]]},""flourishes"":{}}}                CCAGGTGACTTTATACACACTTTGGGAGATGCACATATTTACCTGAATCACATCGAGCCACTGAAAATTCAG                                                                "
" ","Intron 6-7","671,452","672,859","","","1,408","                              {""provisional"":{""ref"":{""style"":[[0,""""],[0,""color:#aaaaaa""]]},""flourishes"":{},""legend"":{""_messages"":[],""exons/Introns"":{""intron"":{""text"":""Intron sequence"",""label"":""#aaaaaa"",""class"":""ei"",""default"":null},""exon1"":{""text"":""Translated sequence"",""label"":""#1044ee"",""class"":""e1"",""default"":null},""utr"":{""default"":null,""class"":""eu"",""text"":""UTR"",""label"":""#cd6839""},""flanking"":{""text"":""Flanking sequence"",""label"":""#008000"",""default"":null,""class"":""ef""}}},""seq"":[{""style"":[1]}],""expect"":[]},""url"":""/Homo_sapiens/Component/Transcript/Exons/exons?db=core;g=ENSG00000176890;r=18:657653-673578;t=ENST00000323274;time=1707234758849.849;adorn=only""}                gtaagaattagatgttatacttttg..........aataatggccttattttgtttttag                "
"7","ENSE00002689316","672,860","673,578","0","-","719","                              {""url"":""/Homo_sapiens/Component/Transcript/Exons/exons?db=core;g=ENSG00000176890;r=18:657653-673578;t=ENST00000323274;time=1707234758849.849;adorn=only"",""provisional"":{""flourishes"":{},""ref"":{""style"":[[0,""""],[0,""color:#1044ee""],[7,""cd6839""]]},""expect"":[],""seq"":[{""style"":[1]},-1,{""style"":[1,-17,2]},{""style"":[2]},-7,{""style"":[2,-58,0]}],""legend"":{""_messages"":[],""exons/Introns"":{""intron"":{""default"":null,""class"":""ei"",""text"":""Intron sequence"",""label"":""#aaaaaa""},""exon1"":{""class"":""e1"",""default"":null,""text"":""Translated sequence"",""label"":""#1044ee""},""utr"":{""class"":""eu"",""default"":null,""label"":""#cd6839"",""text"":""UTR""},""flanking"":{""default"":null,""class"":""ef"",""text"":""Flanking sequence"",""label"":""#008000""}}}}}                CTTCAGCGAGAACCCAGACCTTTCCCAAAGCTCAGGATTCTTCGAAAAGTTGAGAAAATTGATGACTTCAAAGCTGAAGACTTTCAGATTGAAGGGTACAATCCGCATCCAACTATTAAAATGGAAATGGCTGTTTAGGGTGCTTTCAAAGGAGCTCGAAGGATATTGTCAGTCTTTAGGGGTTGGGCTGGATGCCGAGGTAAAAGTTCTTTTTGCTCTAAAAGAAAAAGGAACTAGGTCAAAAATCTGTCCGTGACCTATCAGTTATTAATTTTTAAGGATGTTGCCACTGGCAAATGTAACTGTGCCAGTTCTTTCCATAATAAAAGGCTTTGAGTTAACTCACTGAGGGTATCTGACAATGCTGAGGTTATGAACAAAGTGAGGAGAATGAAATGTATGTGCTCTTAGCAAAAACATGTATGTGCATTTCAATCCCACGTACTTATAAAGAAGGTTGGTGAATTTCACAAGCTATTTTTGGAATATTTTTAGAATATTTTAAGAATTTCACAAGCTATTCCCTCAAATCTGAGGGAGCTGAGTAACACCATCGATCATGATGTAGAGTGTGGTTATGAACTTTAAAGTTATAGTTGTTTTATATGTTGCTATAATAAAGAAGTGTTCTGCATTCGTCCACGCTTTGTTCATTCTGTACTGCCACTTATCTGCTCAGTTCCTTCCTAAAATAGATTAAAGAACTCTCCTTAAGTAAA                 "
"","3' downstream sequence","","","","","","                              {""provisional"":{""flourishes"":{},""ref"":{""style"":[[0,""""],[0,""color:#008000""]]},""expect"":[],""seq"":[{""style"":[1]}],""legend"":{""_messages"":[],""exons/Introns"":{""intron"":{""default"":null,""class"":""ei"",""label"":""#aaaaaa"",""text"":""Intron sequence""},""exon1"":{""text"":""Translated sequence"",""label"":""#1044ee"",""default"":null,""class"":""e1""},""utr"":{""label"":""#cd6839"",""text"":""UTR"",""class"":""eu"",""default"":null},""flanking"":{""label"":""#008000"",""text"":""Flanking sequence"",""default"":null,""class"":""ef""}}}},""url"":""/Homo_sapiens/Component/Transcript/Exons/exons?db=core;g=ENSG00000176890;r=18:657653-673578;t=ENST00000323274;time=1707234758849.849;adorn=only""}                catgtgctgtattctggtttggatgctacttaaaagagtatattttagaa..........                "
