"No.","Exon / Intron","Start","End","Start Phase","End Phase","Length","Sequence"
"","5' upstream sequence","","","","","","                              {""provisional"":{""seq"":[{""style"":[1]}],""legend"":{""_messages"":[],""exons/Introns"":{""flanking"":{""label"":""#008000"",""text"":""Flanking sequence"",""default"":null,""class"":""ef""}}},""expect"":[],""ref"":{""style"":[[0,""""],[0,""color:#008000""]]},""flourishes"":{}},""url"":""/Homo_sapiens/Component/Transcript/Exons/exons?db=core;g=ENSG00000241635;r=2:233760270-233773300;t=ENST00000305208;time=1707234863004.004;adorn=only""}                ..........gattggtttttgccatatatatatatataagtaggagagggcgaacctct                "
"1","ENSE00001124690","233,760,270","233,761,151","-","0","882","                              {""url"":""/Homo_sapiens/Component/Transcript/Exons/exons?db=core;g=ENSG00000241635;r=2:233760270-233773300;t=ENST00000305208;time=1707234863004.004;adorn=only"",""provisional"":{""ref"":{""style"":[[0,""""],[0,""color:#1044ee""],[7,""cd6839""]]},""flourishes"":{},""seq"":[{""style"":[2,-17,1]},{""style"":[1]},-12,{""style"":[1,-41,0]}],""legend"":{""_messages"":[],""exons/Introns"":{""exon1"":{""default"":null,""class"":""e1"",""label"":""#1044ee"",""text"":""Translated sequence""},""utr"":{""default"":null,""class"":""eu"",""label"":""#cd6839"",""text"":""UTR""},""flanking"":{""text"":""Flanking sequence"",""label"":""#008000"",""default"":null,""class"":""ef""}}},""expect"":[]}}                GGCAGGAGCAAAGGCGCCATGGCTGTGGAGTCCCAGGGCGGACGCCCACTTGTCCTGGGCCTGCTGCTGTGTGTGCTGGGCCCAGTGGTGTCCCATGCTGGGAAGATACTGTTGATCCCAGTGGATGGCAGCCACTGGCTGAGCATGCTTGGGGCCATCCAGCAGCTGCAGCAGAGGGGACATGAAATAGTTGTCCTAGCACCTGACGCCTCGTTGTACATCAGAGACGGAGCATTTTACACCTTGAAGACGTACCCTGTGCCATTCCAAAGGGAGGATGTGAAAGAGTCTTTTGTTAGTCTCGGGCATAATGTTTTTGAGAATGATTCTTTCCTGCAGCGTGTGATCAAAACATACAAGAAAATAAAAAAGGACTCTGCTATGCTTTTGTCTGGCTGTTCCCACTTACTGCACAACAAGGAGCTCATGGCCTCCCTGGCAGAAAGCAGCTTTGATGTCATGCTGACGGACCCTTTCCTTCCTTGCAGCCCCATCGTGGCCCAGTACCTGTCTCTGCCCACTGTATTCTTCTTGCATGCACTGCCATGCAGCCTGGAATTTGAGGCTACCCAGTGCCCCAACCCATTCTCCTACGTGCCCAGGCCTCTCTCCTCTCATTCAGATCACATGACCTTCCTGCAGCGGGTGAAGAACATGCTCATTGCCTTTTCACAGAACTTTCTGTGCGACGTGGTTTATTCCCCGTATGCAACCCTTGCCTCAGAATTCCTTCAGAGAGAGGTGACTGTCCAGGACCTATTGAGCTCTGCATCTGTCTGGCTGTTTAGAAGTGACTTTGTGAAGGATTACCCTAGGCCCATCATGCCCAATATGGTTTTTGTTGGTGGAATCAACTGCCTTCACCAAAATCCACTATCCCAG                                  "
" ","Intron 1-2","233,761,152","233,767,033","","","5,882","                              {""provisional"":{""seq"":[{""style"":[1]}],""legend"":{""_messages"":[],""exons/Introns"":{""flanking"":{""text"":""Flanking sequence"",""label"":""#008000"",""default"":null,""class"":""ef""},""utr"":{""class"":""eu"",""default"":null,""text"":""UTR"",""label"":""#cd6839""},""exon1"":{""text"":""Translated sequence"",""label"":""#1044ee"",""default"":null,""class"":""e1""},""intron"":{""class"":""ei"",""default"":null,""text"":""Intron sequence"",""label"":""#aaaaaa""}}},""expect"":[],""ref"":{""style"":[[0,""""],[0,""color:#aaaaaa""]]},""flourishes"":{}},""url"":""/Homo_sapiens/Component/Transcript/Exons/exons?db=core;g=ENSG00000241635;r=2:233760270-233773300;t=ENST00000305208;time=1707234863004.004;adorn=only""}                gtgtgtattggagtgggacttttac..........ctgaaaatttttcttctggctctag                "
"2","ENSE00003709300","233,767,034","233,767,165","0","0","132","                              {""provisional"":{""ref"":{""style"":[[0,""""],[0,""color:#1044ee""]]},""flourishes"":{},""legend"":{""_messages"":[],""exons/Introns"":{""flanking"":{""label"":""#008000"",""text"":""Flanking sequence"",""default"":null,""class"":""ef""},""utr"":{""class"":""eu"",""default"":null,""text"":""UTR"",""label"":""#cd6839""},""exon1"":{""label"":""#1044ee"",""text"":""Translated sequence"",""default"":null,""class"":""e1""},""intron"":{""class"":""ei"",""default"":null,""label"":""#aaaaaa"",""text"":""Intron sequence""}}},""seq"":[{""style"":[1]},-1,{""style"":[1,-11,0]}],""expect"":[]},""url"":""/Homo_sapiens/Component/Transcript/Exons/exons?db=core;g=ENSG00000241635;r=2:233760270-233773300;t=ENST00000305208;time=1707234863004.004;adorn=only""}                GAATTTGAAGCCTACATTAATGCTTCTGGAGAACATGGAATTGTGGTTTTCTCTTTGGGATCAATGGTCTCAGAAATTCCAGAGAAGAAAGCTATGGCAATTGCTGATGCTTTGGGCAAAATCCCTCAGACA                                                                "
" ","Intron 2-3","233,767,166","233,767,848","","","683","                              {""url"":""/Homo_sapiens/Component/Transcript/Exons/exons?db=core;g=ENSG00000241635;r=2:233760270-233773300;t=ENST00000305208;time=1707234863004.004;adorn=only"",""provisional"":{""expect"":[],""legend"":{""_messages"":[],""exons/Introns"":{""flanking"":{""label"":""#008000"",""text"":""Flanking sequence"",""class"":""ef"",""default"":null},""utr"":{""text"":""UTR"",""label"":""#cd6839"",""class"":""eu"",""default"":null},""exon1"":{""class"":""e1"",""default"":null,""text"":""Translated sequence"",""label"":""#1044ee""},""intron"":{""text"":""Intron sequence"",""label"":""#aaaaaa"",""class"":""ei"",""default"":null}}},""seq"":[{""style"":[1]}],""flourishes"":{},""ref"":{""style"":[[0,""""],[0,""color:#aaaaaa""]]}}}                gtaagaagattctataccatggcct..........gttctgctctttttgcccctcccag                "
"3","ENSE00003703538","233,767,849","233,767,936","0","1","88","                              {""provisional"":{""ref"":{""style"":[[0,""""],[0,""color:#1044ee""]]},""flourishes"":{},""legend"":{""_messages"":[],""exons/Introns"":{""flanking"":{""text"":""Flanking sequence"",""label"":""#008000"",""class"":""ef"",""default"":null},""utr"":{""class"":""eu"",""default"":null,""text"":""UTR"",""label"":""#cd6839""},""exon1"":{""default"":null,""class"":""e1"",""label"":""#1044ee"",""text"":""Translated sequence""},""intron"":{""text"":""Intron sequence"",""label"":""#aaaaaa"",""class"":""ei"",""default"":null}}},""seq"":[{""style"":[1]},{""style"":[1,-27,0]}],""expect"":[]},""url"":""/Homo_sapiens/Component/Transcript/Exons/exons?db=core;g=ENSG00000241635;r=2:233760270-233773300;t=ENST00000305208;time=1707234863004.004;adorn=only""}                GTCCTGTGGCGGTACACTGGAACCCGACCATCGAATCTTGCGAACAACACGATACTTGTTAAGTGGCTACCCCAAAACGATCTGCTTG                                                "
" ","Intron 3-4","233,767,937","233,768,219","","","283","                              {""url"":""/Homo_sapiens/Component/Transcript/Exons/exons?db=core;g=ENSG00000241635;r=2:233760270-233773300;t=ENST00000305208;time=1707234863004.004;adorn=only"",""provisional"":{""flourishes"":{},""ref"":{""style"":[[0,""""],[0,""color:#aaaaaa""]]},""expect"":[],""legend"":{""_messages"":[],""exons/Introns"":{""flanking"":{""text"":""Flanking sequence"",""label"":""#008000"",""default"":null,""class"":""ef""},""utr"":{""default"":null,""class"":""eu"",""text"":""UTR"",""label"":""#cd6839""},""exon1"":{""default"":null,""class"":""e1"",""text"":""Translated sequence"",""label"":""#1044ee""},""intron"":{""text"":""Intron sequence"",""label"":""#aaaaaa"",""default"":null,""class"":""ei""}}},""seq"":[{""style"":[1]}]}}                gtatgttgggcggattggatgtata..........acatcctccctattttgcatctcag                "
"4","ENSE00003711357","233,768,220","233,768,439","1","2","220","                              {""provisional"":{""ref"":{""style"":[[0,""""],[0,""color:#1044ee""]]},""flourishes"":{},""legend"":{""_messages"":[],""exons/Introns"":{""flanking"":{""class"":""ef"",""default"":null,""text"":""Flanking sequence"",""label"":""#008000""},""utr"":{""text"":""UTR"",""label"":""#cd6839"",""class"":""eu"",""default"":null},""exon1"":{""text"":""Translated sequence"",""label"":""#1044ee"",""class"":""e1"",""default"":null},""intron"":{""text"":""Intron sequence"",""label"":""#aaaaaa"",""class"":""ei"",""default"":null}}},""seq"":[{""style"":[1]},-2,{""style"":[1,-39,0]}],""expect"":[]},""url"":""/Homo_sapiens/Component/Transcript/Exons/exons?db=core;g=ENSG00000241635;r=2:233760270-233773300;t=ENST00000305208;time=1707234863004.004;adorn=only""}                GTCACCCGATGACCCGTGCCTTTATCACCCATGCTGGTTCCCATGGTGTTTATGAAAGCATATGCAATGGCGTTCCCATGGTGATGATGCCCTTGTTTGGTGATCAGATGGACAATGCAAAGCGCATGGAGACTAAGGGAGCTGGAGTGACCCTGAATGTTCTGGAAATGACTTCTGAAGATTTAGAAAATGCTCTAAAAGCAGTCATCAATGACAAAAG                                    "
" ","Intron 4-5","233,768,440","233,772,261","","","3,822","                              {""url"":""/Homo_sapiens/Component/Transcript/Exons/exons?db=core;g=ENSG00000241635;r=2:233760270-233773300;t=ENST00000305208;time=1707234863004.004;adorn=only"",""provisional"":{""expect"":[],""seq"":[{""style"":[1]}],""legend"":{""_messages"":[],""exons/Introns"":{""flanking"":{""class"":""ef"",""default"":null,""text"":""Flanking sequence"",""label"":""#008000""},""utr"":{""default"":null,""class"":""eu"",""label"":""#cd6839"",""text"":""UTR""},""exon1"":{""label"":""#1044ee"",""text"":""Translated sequence"",""class"":""e1"",""default"":null},""intron"":{""class"":""ei"",""default"":null,""label"":""#aaaaaa"",""text"":""Intron sequence""}}},""flourishes"":{},""ref"":{""style"":[[0,""""],[0,""color:#aaaaaa""]]}}}                gtaagaaagaagatacagaagaata..........ataacgaaactgtctttgtgtttag                "
"5","ENSE00003649707","233,772,262","233,773,300","2","-","1,039","                              {""provisional"":{""flourishes"":{},""ref"":{""style"":[[0,""""],[0,""color:#1044ee""],[7,""cd6839""]]},""expect"":[],""seq"":[{""style"":[1]},-3,{""style"":[1,-57,2]},{""style"":[2]},-11,{""style"":[2,-18,0]}],""legend"":{""_messages"":[],""exons/Introns"":{""flanking"":{""label"":""#008000"",""text"":""Flanking sequence"",""default"":null,""class"":""ef""},""utr"":{""class"":""eu"",""default"":null,""label"":""#cd6839"",""text"":""UTR""},""exon1"":{""default"":null,""class"":""e1"",""text"":""Translated sequence"",""label"":""#1044ee""},""intron"":{""label"":""#aaaaaa"",""text"":""Intron sequence"",""class"":""ei"",""default"":null}}}},""url"":""/Homo_sapiens/Component/Transcript/Exons/exons?db=core;g=ENSG00000241635;r=2:233760270-233773300;t=ENST00000305208;time=1707234863004.004;adorn=only""}                TTACAAGGAGAACATCATGCGCCTCTCCAGCCTTCACAAGGACCGCCCGGTGGAGCCGCTGGACCTGGCCGTGTTCTGGGTGGAGTTTGTGATGAGGCACAAGGGCGCGCCACACCTGCGCCCCGCAGCCCACGACCTCACCTGGTACCAGTACCATTCCTTGGACGTGATTGGTTTCCTCTTGGCCGTCGTGCTGACAGTGGCCTTCATCACCTTTAAATGTTGTGCTTATGGCTACCGGAAATGCTTGGGGAAAAAAGGGCGAGTTAAGAAAGCCCACAAATCCAAGACCCATTGAGAAGTGGGTGGGAAATAAGGTAAAATTTTGAACCATTCCCTAGTCATTTCCAAACTTGAAAACAGAATCAGTGTTAAATTCATTTTATTCTTATTAAGGAAATACTTTGCATAAATTAATCAGCCCCAGAGTGCTTTAAAAAATTCTCTTAAATAAAAATAATAGACTCGCTAGTCAGTAAAGATATTTGAATATGTATCGTGCCCCCTCTGGTGTCTTTGATCAGGATGACATGTGCCATTTTTCAGAGGACGTGCAGACAGGCTGGCATTCTAGATTACTTTTCTTACTCTGAAACATGGCCTGTTTGGGAGTGCGGGATTCAAAGGTGGTCCCACGGCTGCCCCTACTGCAAATGGCAGTTTTAATCTTATCTTTTGGCTTCTGCAGATGGTTGCAATTGATCCTTAACCAATAATGGTCAGTCCTCATCTCTGTCGTGCTTCATAGGTGCCACCTTGTGTGTTTAAAGAAGGGAAGCTTTGTACCTTTAGAGTGTAGGTGAAATGAATGAATGGCTTGGAGTGCACTGAGAACAGCATATGATTTCTTGCTTTGGGGAAAAAGAATGATGCTATGAAATTGGTGGGTGGTGTATTTGAGAAGATAATCATTGCTTATGTCAAATGGAGCTGAATTTGATAAAAACCCAAAATACAGCTATGAAGTGCTGGGCAAGTTTACTTTTTTTCTGATGTTTCCTACAACTAAAAATAAATTAATAAATTTATATAAATTCTA                                                         "
"","3' downstream sequence","","","","","","                              {""url"":""/Homo_sapiens/Component/Transcript/Exons/exons?db=core;g=ENSG00000241635;r=2:233760270-233773300;t=ENST00000305208;time=1707234863004.004;adorn=only"",""provisional"":{""seq"":[{""style"":[1]}],""legend"":{""_messages"":[],""exons/Introns"":{""flanking"":{""label"":""#008000"",""text"":""Flanking sequence"",""class"":""ef"",""default"":null},""utr"":{""default"":null,""class"":""eu"",""label"":""#cd6839"",""text"":""UTR""},""exon1"":{""text"":""Translated sequence"",""label"":""#1044ee"",""class"":""e1"",""default"":null},""intron"":{""default"":null,""class"":""ei"",""text"":""Intron sequence"",""label"":""#aaaaaa""}}},""expect"":[],""ref"":{""style"":[[0,""""],[0,""color:#008000""]]},""flourishes"":{}}}                tttaagtgttttcactggtgtcgcatttatttcttgttaagttgcatttt..........                "
