"No.","Exon / Intron","Start","End","Start Phase","End Phase","Length","Sequence"
"","5' upstream sequence","","","","","","                            ..........ggagcatatagtgggcctaggtgattggccactttatccatcaaagaggc                "
"1","ENSE00001549720","96,522,381","96,522,630","-","0","250","                            ACACACACTTAATTAGCATGGAGTGTTATAAAAAGCTTGGAGTGCAAGCTCACGGTTGTCTTAACAAGAGGAGAAGGCTTCAATGGATCCTTTTGTGGTCCTTGTGCTCTGTCTCTCATGTTTGCTTCTCCTTTCAATCTGGAGACAGAGCTCTGGGAGAGGAAAACTCCCTCCTGGCCCTACTCCTCTCCCAGTGATTGGAAATATCCTACAGATAGATATTAAGGATGTCAGCAAATCCTTAACCAAT                                                                  "
" ","Intron 1-2","96,522,631","96,534,814","","","12,184","                            gtaagtatgctccttcagtggcttg..........ctgttaactgtatctccttttctag                "
"2","ENSE00003600653","96,534,815","96,534,977","0","1","163","                            CTCTCAAAAATCTATGGCCCTGTGTTCACTCTGTATTTTGGCCTGGAACGCATGGTGGTGCTGCATGGATATGAAGTGGTGAAGGAAGCCCTGATTGATCTTGGAGAGGAGTTTTCTGGAAGAGGCCATTTCCCACTGGCTGAAAGAGCTAACAGAGGATTTG                                 "
" ","Intron 2-3","96,534,978","96,535,146","","","169","                            gtaggtgtgcaagtgcctgtttcag..........ctagtttcgtttctcttcctgttag                "
"3","ENSE00003666610","96,535,147","96,535,296","1","1","150","                            GAATCGTTTTCAGCAATGGAAAGAGATGGAAGGAGATCCGGCGTTTCTCCCTCATGACGCTGCGGAATTTTGGGATGGGGAAGAGGAGCATTGAGGACCGTGTTCAAGAGGAAGCCCGCTGCCTTGTGGAGGAGTTGAGAAAAACCAAGG                                              "
" ","Intron 3-4","96,535,297","96,540,255","","","4,959","                            gtgggtgaacatactctctatcact..........tttaaaattgtttccaatcatttag                "
"4","ENSE00003516375","96,540,256","96,540,416","1","0","161","                            CTTCACCCTGTGATCCCACTTTCATCCTGGGCTGTGCTCCCTGCAATGTGATCTGCTCCATTATTTTCCAGAAACGTTTCGATTATAAAGATCAGCAATTTCTTAACTTGATGGAAAAATTGAATGAAAACATCAGGATTGTAAGCACCCCCTGGATCCAG                                   "
" ","Intron 4-5","96,540,417","96,541,577","","","1,161","                            gtaaggccaagttttttgcttcctg..........ttaataaattattgttttctcttag                "
"5","ENSE00003660121","96,541,578","96,541,754","0","0","177","                            ATATGCAATAATTTTCCCACTATCATTGATTATTTCCCGGGAACCCATAACAAATTACTTAAAAACCTTGCTTTTATGGAAAGTGATATTTTGGAGAAAGTAAAAGAACACCAAGAATCGATGGACATCAACAACCCTCGGGACTTTATTGATTGCTTCCTGATCAAAATGGAGAAG                   "
" ","Intron 5-6","96,541,755","96,580,252","","","38,498","                            gtaaaatgttaacaaaagcttagtt..........gataattgcatcaaatcattcctag                "
"6","ENSE00003662051","96,580,253","96,580,394","0","1","142","                            GAAAAGCAAAACCAACAGTCTGAATTCACTATTGAAAACTTGGTAATCACTGCAGCTGACTTACTTGGAGCTGGGACAGAGACAACAAGCACAACCCTGAGATATGCTCTCCTTCTCCTGCTGAAGCACCCAGAGGTCACAG                                                      "
" ","Intron 6-7","96,580,395","96,602,593","","","22,199","                            gtatgatcacagaggatgagttaat..........tcagttcttacttgtgtcttgtcag                "
"7","ENSE00003670360","96,602,594","96,602,781","1","0","188","                            CTAAAGTCCAGGAAGAGATTGAACGTGTCGTTGGCAGAAACCGGAGCCCCTGCATGCAGGACAGGGGCCACATGCCCTACACAGATGCTGTGGTGCACGAGGTCCAGAGATACATCGACCTCATCCCCACCAGCCTGCCCCATGCAGTGACCTGTGACGTTAAATTCAGAAACTACCTCATTCCCAAG                                                                    "
" ","Intron 7-8","96,602,782","96,609,673","","","6,892","                            gtaagtttgtttctcctacactgca..........gttcacctatgtctcttgtttctag                "
"8","ENSE00003582934","96,609,674","96,609,815","0","1","142","                            GGCACAACCATATTAACTTCCCTCACTTCTGTGCTACATGACAACAAAGAATTTCCCAACCCAGAGATGTTTGACCCTCGTCACTTTCTGGATGAAGGTGGAAATTTTAAGAAAAGTAACTACTTCATGCCTTTCTCAGCAG                                                      "
" ","Intron 8-9","96,609,816","96,612,489","","","2,674","                            gtaatataaatttatttccctttgt..........ttctccctatgtttgttattttcag                "
"9","ENSE00001454938","96,612,490","96,613,017","1","-","528","                            GAAAACGGATTTGTGTGGGAGAGGGCCTGGCCCGCATGGAGCTGTTTTTATTCCTGACCTTCATTTTACAGAACTTTAACCTGAAATCTCTGATTGACCCAAAGGACCTTGACACAACTCCTGTTGTCAATGGATTTGCTTCTGTCCCGCCCTTCTATCAGCTGTGCTTCATTCCTGTCTGAAGAAGCACAGATGGTCTGGCTGCTCCTGTGCTGTCCCTGCAGCTCTCTTTCCTCTGGTCCAAATTTCACTATCTGTGATGCTTCTTCTGACCCGTCATCTCACATTTTCCCTTCCCCCAAGATCTAGTGAACATTCAGCCTCCATTAAAAAAGTTTCACTGTGCAAATATATCTGCTATTCCCCATACTCTATAATAGTTACATTGAGTGCCACATAATGCTGATACTTGTCTAATGTTGAGTTATTAACATATTATTATTAAATAGAGAAAGATGATTTGTGTATTATAATTCAAAGGCATTTCTTCTCTGCATGTTCTAAACAAAAAGCATTATTATTTGCTGA                            "
"","3' downstream sequence","","","","","","                            gtcaggttattagaccttccttcctttgtgcataatgcaggtgacaaatt..........                "
