No.,Exon / Intron,Chrom,Start,End,Start Phase,End Phase,Length,Sequence
,5' upstream sequence,7,,,,,,..........tgggctgagcacagccgcttcgctctctttgccacaggaagcctgagctc
1,ENSE00003748396,7,87600884,87600755,-,-,130,ATTCGAGTAGCGGCTCTTCCAAGCTCAAAGAAGCAGAGGCCGCTGTTCGTTTCCTTTAGGTCTTTCCACTAAAGTCGGAGTATCTTCTTCCAAAATTTCACGTCTTGGTGGCCGTTCCAAGGAGCGCGAG
 ,Intron 1-2,7,87600754,87600191,,,564,gtaggggcacgcaaagctgggagct..........ctaatgagctgcggtttctcttcag
2,ENSE00002728072,7,87600190,87600117,-,2,74,GTCGGAATGGATCTTGAAGGGGACCGCAATGGAGGAGCAAAGAAGAAGAACTTTTTTAAACTGAACAATAAAAG
 ,Intron 2-3,7,87600116,87595815,,,4302,gtaactagcttgtttcattttcata..........atgtaattccattgctgttttgcag
3,ENSE00000702254,7,87595814,87595766,2,0,49,TGAAAAAGATAAGAAGGAAAAGAAACCAACTGTCAGTGTATTTTCAATG
 ,Intron 3-4,7,87595765,87585681,,,10085,gtgagttttgaatttattaactatt..........gctattcttttttctctctttttag
4,ENSE00003398270,7,87585680,87585512,0,1,169,TTTCGCTATTCAAATTGGCTTGACAAGTTGTATATGGTGGTGGGAACTTTGGCTGCCATCATCCATGGGGCTGGACTTCCTCTCATGATGCTGGTGTTTGGAGAAATGACAGATATCTTTGCAAATGCAGGAAATTTAGAAGATCTGATGTCAAACATCACTAATAGAA
 ,Intron 4-5,7,87585511,87570224,,,15288,gtaagtattgtttgtgtaccaattt..........gtatgtttgttttgtggtggtctag
5,ENSE00003233570,7,87570223,87570172,1,2,52,GTGATATCAATGATACAGGGTTCTTCATGAATCTGGAGGAAGACATGACCAG
 ,Intron 5-6,7,87570171,87566977,,,3195,gtaattagacattctccttactatt..........gtgcagtgttcttgttgtttttcag
6,ENSE00000702381,7,87566976,87566785,2,2,192,GTATGCCTATTATTACAGTGGAATTGGTGCTGGGGTGCTGGTTGCTGCTTACATTCAGGTTTCATTTTGGTGCCTGGCAGCTGGAAGACAAATACACAAAATTAGAAAACAGTTTTTTCATGCTATAATGCGACAGGAGATAGGCTGGTTTGATGTGCACGATGTTGGGGAGCTTAACACCCGACTTACAGA
 ,Intron 6-7,7,87566784,87566242,,,543,gtaagtatttagttttatgttgaac..........tttctaacactatctgttctttcag
7,ENSE00003309678,7,87566241,87566070,2,0,172,TGATGTCTCCAAGATTAATGAAGGAATTGGTGACAAAATTGGAATGTTCTTTCAGTCAATGGCAACATTTTTCACTGGGTTTATAGTAGGATTTACACGTGGTTGGAAGCTAACCCTTGTGATTTTGGCCATCAGTCCTGTTCTTGGACTGTCAGCTGCTGTCTGGGCAAAG
 ,Intron 7-8,7,87566069,87561388,,,4682,gtaggtgaagcctgtgaatccagat..........gatccaaaattgtatttttaaacag
8,ENSE00003361178,7,87561387,87561263,0,2,125,ATACTATCTTCATTTACTGATAAAGAACTCTTAGCGTATGCAAAAGCTGGAGCAGTAGCTGAAGAGGTCTTGGCAGCAATTAGAACTGTGATTGCATTTGGAGGACAAAAGAAAGAACTTGAAAG
 ,Intron 8-9,7,87561262,87553933,,,7330,gtttgagtttcttttttaaatggat..........tgatcatttttgttctttttctcag
9,ENSE00003354968,7,87553932,87553761,2,0,172,GTACAACAAAAATTTAGAAGAAGCTAAAAGAATTGGGATAAAGAAAGCTATTACAGCCAATATTTCTATAGGTGCTGCTTTCCTGCTGATCTATGCATCTTATGCTCTGGCCTTCTGGTATGGGACCACCTTGGTCCTCTCAGGGGAATATTCTATTGGACAAGTACTCACT
 ,Intron 9-10,7,87553760,87550839,,,2922,gtaagtggtttacattgagaaatga..........gatggtttttcttcacattcctcag
10,ENSE00003349264,7,87550838,87550725,0,0,114,GTATTCTTTTCTGTATTAATTGGGGCTTTTAGTGTTGGACAGGCATCTCCAAGCATTGAAGCATTTGCAAATGCAAGAGGAGCAGCTTATGAAATCTTCAAGATAATTGATAAT
 ,Intron 10-11,7,87550724,87550579,,,146,gtaagtctgagttggccatctatcc..........tctcttaaaatttgattctgtttag
11,ENSE00003264725,7,87550578,87550468,0,0,111,AAGCCAAGTATTGACAGCTATTCGAAGAGTGGGCACAAACCAGATAATATTAAGGGAAATTTGGAATTCAGAAATGTTCACTTCAGTTACCCATCTCGAAAAGAAGTTAAG
 ,Intron 11-12,7,87550467,87550297,,,171,gtacagtgataaatgattaatcaac..........gtttttttctcactcgtcctggtag
12,ENSE00003304103,7,87550296,87550171,0,0,126,ATCTTGAAGGGTCTGAACCTGAAGGTGCAGAGTGGGCAGACGGTGGCCCTGGTTGGAAACAGTGGCTGTGGGAAGAGCACAACAGTCCAGCTGATGCAGAGGCTCTATGACCCCACAGAGGGGATG
 ,Intron 12-13,7,87550170,87550055,,,116,gtgagatgacccatgcgagctagac..........aagtcacacttactttttattccag
13,ENSE00003391105,7,87550054,87549851,0,0,204,GTCAGTGTTGATGGACAGGATATTAGGACCATAAATGTAAGGTTTCTACGGGAAATCATTGGTGTGGTGAGTCAGGAACCTGTATTGTTTGCCACCACGATAGCTGAAAACATTCGCTATGGCCGTGAAAATGTCACCATGGATGAGATTGAGAAAGCTGTCAAGGAAGCCAATGCCTATGACTTTATCATGAAACTGCCTCAT
 ,Intron 13-14,7,87549850,87549519,,,332,gtaagttgtccttgccctttgcctt..........aatcattctgggttttctgtggtag
14,ENSE00003624471,7,87549518,87549348,0,0,171,AAATTTGACACCCTGGTTGGAGAGAGAGGGGCCCAGTTGAGTGGTGGGCAGAAGCAGAGGATCGCCATTGCACGTGCCCTGGTTCGCAACCCCAAGATCCTCCTGCTGGATGAGGCCACGTCAGCCTTGGACACAGAAAGCGAAGCAGTGGTTCAGGTGGCTCTGGATAAG
 ,Intron 14-15,7,87549347,87546025,,,3323,gtcagtgaggcttagttcaaaccaa..........aaaaaccaaatttctctctctttag
15,ENSE00003273072,7,87546024,87545863,0,0,162,GCCAGAAAAGGTCGGACCACCATTGTGATAGCTCATCGTTTGTCTACAGTTCGTAATGCTGACGTCATCGCTGGTTTCGATGATGGAGTCATTGTGGAGAAAGGAAATCATGATGAACTCATGAAAGAGAAAGGCATTTACTTCAAACTTGTCACAATGCAG
 ,Intron 15-16,7,87545862,87545000,,,863,gtatagtttaacttcagaattttcc..........tttgcatatttcttatttattttag
16,ENSE00003235942,7,87544999,87544823,0,0,177,ACAGCAGGAAATGAAGTTGAATTAGAAAATGCAGCTGATGAATCCAAAAGTGAAATTGATGCCTTGGAAATGTCTTCAAATGATTCAAGATCCAGTCTAATAAGAAAAAGATCAACTCGTAGGAGTGTCCGTGGATCACAAGCCCAAGACAGAAAGCTTAGTACCAAAGAGGCTCTG
 ,Intron 16-17,7,87544822,87544276,,,547,gtatgaagggagatgcggagtttgt..........tgttgtaataatttgtgttttctag
17,ENSE00003388874,7,87544275,87544129,0,0,147,GATGAAAGTATACCTCCAGTTTCCTTTTGGAGGATTATGAAGCTAAATTTAACTGAATGGCCTTATTTTGTTGTTGGTGTATTTTGTGCCATTATAAATGGAGGCCTGCAACCAGCATTTGCAATAATATTTTCAAAGATTATAGGG
 ,Intron 17-18,7,87544128,87541465,,,2664,gtaagtgtgatgcccatttgtgtga..........aaatcctttaaatgttttctcacag
18,ENSE00003287961,7,87541464,87541357,0,0,108,GTTTTTACAAGAATTGATGATCCTGAAACAAAACGACAGAATAGTAACTTGTTTTCACTATTGTTTCTAGCCCTTGGAATTATTTCTTTTATTACATTTTTCCTTCAG
 ,Intron 18-19,7,87541356,87539346,,,2011,gtaaatgtttccattttcactatat..........tgacaaggtatgttcctgcccacag
19,ENSE00003292673,7,87539345,87539268,0,0,78,GGTTTCACATTTGGCAAAGCTGGAGAGATCCTCACCAAGCGGCTCCGATACATGGTTTTCCGATCCATGCTCAGACAG
 ,Intron 19-20,7,87539267,87536542,,,2726,gtatgtctatcgagggctgtgccct..........aataaaatcattttctgtgccacag
20,ENSE00003509450,7,87536541,87536458,0,0,84,GATGTGAGTTGGTTTGATGACCCTAAAAACACCACTGGAGCATTGACTACCAGGCTCGCCAATGATGCTGCTCAAGTTAAAGGG
 ,Intron 20-21,7,87536457,87531498,,,4960,gtacgtgcctcctttctactggtgt..........ttctctaatttgttttgttttgcag
21,ENSE00003501292,7,87531497,87531294,0,0,204,GCTATAGGTTCCAGGCTTGCTGTAATTACCCAGAATATAGCAAATCTTGGGACAGGAATAATTATATCCTTCATCTATGGTTGGCAACTAACACTGTTACTCTTAGCAATTGTACCCATCATTGCAATAGCAGGAGTTGTTGAAATGAAAATGTTGTCTGGACAAGCACTGAAAGATAAGAAAGAACTAGAAGGTTCTGGGAAG
 ,Intron 21-22,7,87531293,87520877,,,10417,gtgagtcaaactaaatatgattgat..........tggtgatcggtgctgtctgttacag
22,ENSE00003462726,7,87520876,87520776,0,2,101,ATCGCTACTGAAGCAATAGAAAACTTCCGAACCGTTGTTTCTTTGACTCAGGAGCAGAAGTTTGAACATATGTATGCTCAGAGTTTGCAGGTACCATACAG
 ,Intron 22-23,7,87520775,87519467,,,1309,gtaataaccgctgaagagtgggagg..........gagttttcaaatgtcttcttttcag
23,ENSE00003675090,7,87519466,87519326,2,2,141,AAACTCTTTGAGGAAAGCACACATCTTTGGAATTACATTTTCCTTCACCCAGGCAATGATGTATTTTTCCTATGCTGGATGTTTCCGGTTTGGAGCCTACTTGGTGGCACATAAACTCATGAGCTTTGAGGATGTTCTGTT
 ,Intron 23-24,7,87519325,87516666,,,2660,gtaagtattgggctattatttagtt..........catgttttgtgtttgtgctttccag
24,ENSE00003693218,7,87516665,87516509,2,0,157,AGTATTTTCAGCTGTTGTCTTTGGTGCCATGGCCGTGGGGCAAGTCAGTTCATTTGCTCCTGACTATGCCAAAGCCAAAATATCAGCAGCCCACATCATCATGATCATTGAAAAAACCCCTTTGATTGACAGCTACAGCACGGAAGGCCTAATGCCG
 ,Intron 24-25,7,87516508,87515429,,,1080,gtgagtttgatgtttcaactgtttg..........tttactgttattcttctcattgcag
25,ENSE00003592234,7,87515428,87515231,0,0,198,AACACATTGGAAGGAAATGTCACATTTGGTGAAGTTGTATTCAACTATCCCACCCGACCGGACATCCCAGTGCTTCAGGGACTGAGCCTGGAGGTGAAGAAGGGCCAGACGCTGGCTCTGGTGGGCAGCAGTGGCTGTGGGAAGAGCACAGTGGTCCAGCTCCTGGAGCGGTTCTACGACCCCTTGGCAGGGAAAGTG
 ,Intron 25-26,7,87515230,87509482,,,5749,gtgagcacactttcacatttagctc..........ttgatctgtgaactcttgttttcag
26,ENSE00003648347,7,87509481,87509275,0,0,207,CTGCTTGATGGCAAAGAAATAAAGCGACTGAATGTTCAGTGGCTCCGAGCACACCTGGGCATCGTGTCCCAGGAGCCCATCCTGTTTGACTGCAGCATTGCTGAGAACATTGCCTATGGAGACAACAGCCGGGTGGTGTCACAGGAAGAGATTGTGAGGGCAGCAAAGGAGGCCAACATACATGCCTTCATCGAGTCACTGCCTAAT
 ,Intron 26-27,7,87509274,87506044,,,3231,gtaagtctctcttcaaataaacagc..........cataacaacaaaaccttatttacag
27,ENSE00003592657,7,87506043,87505897,0,0,147,AAATATAGCACTAAAGTAGGAGACAAAGGAACTCAGCTCTCTGGTGGCCAGAAACAACGCATTGCCATAGCTCGTGCCCTTGTTAGACAGCCTCATATTTTGCTTTTGGATGAAGCCACGTCAGCTCTGGATACAGAAAGTGAAAAG
 ,Intron 27-28,7,87505896,87504450,,,1447,gtaagaatttaaattgggttcatcc..........attaatctatgtgattatggaatag
28,ENSE00003748181,7,87504449,87503017,0,-,1433,GTTGTCCAAGAAGCCCTGGACAAAGCCAGAGAAGGCCGCACCTGCATTGTGATTGCTCACCGCCTGTCCACCATCCAGAATGCAGACTTAATAGTGGTGTTTCAGAATGGCAGAGTCAAGGAGCATGGCACGCATCAGCAGCTGCTGGCACAGAAAGGCATCTATTTTTCAATGGTCAGTGTCCAGGCTGGAACAAAGCGCCAGTGAACTCTGACTGTATGAGATGTTAAATACTTTTTAATATTTGTTTAGATATGACATTTATTCAAAGTTAAAAGCAAACACTTACAGAATTATGAAGAGGTATCTGTTTAACATTTCCTCAGTCAAGTTCAGAGTCTTCAGAGACTTCGTAATTAAAGGAACAGAGTGAGAGACATCATCAAGTGGAGAGAAATCATAGTTTAAACTGCATTATAAATTTTATAACAGAATTAAAGTAGATTTTAAAAGATAAAATGTGTAATTTTGTTTATATTTTCCCATTTGGACTGTAACTGACTGCCTTGCTAAAAGATTATAGAAGTAGCAAAAAGTATTGAAATGTTTGCATAAAGTGTCTATAATAAAACTAAACTTTCATGTGACTGGAGTCATCTTGTCCAAACTGCCTGTGAATATATCTTCTCTCAATTGGAATATTGTAGATAACTTCTGCTTTAAAAAAGTTTTCTTTAAATATACCTACTCATTTTTGTGGGAATGGTTAAGCAGTTTAAATAATTCCTGTTGTATATGTCTATTCACATTGGGTCTTACAGAACCATCTGGCTTCATTCTTCTTGGACTTGATCCTGCTGATTCTTGCATTTCCACATTAAGGTGGCTCTCAAACCCAAAACACAGATCGATATAAGATTTTAGGAGGTGGGGTGAGGCACAATTATGAAGTGCATATTATTCAGATGTATAGTAAATACTTTGCATTGCTTTTATAAAGGGTTCTTTAAGGATTTTTTAAGATTTTTACACTTCCAAAGTACATTTACTTTTTGTCTTGATAATGAATCACTTTTGCCAGTAATTGGCCTCTTCCAAAAGTGATCCTTCTGACTTACAGATGTTTAAAATGTGCCATGAGTTTAACTACATCTTGATACAAACATGATAAAAAAAGAAAAAAATATATTCCAAAGGTTGGGACTCTGGACGACAAATTTTTTTAAATTAGCCAAAAAGCATTATTAACATTATAAACTATATTTACTATAAACAATTGCTATCTTAAATAAGCAACTTCTAAAAATAAAAAAAAGAAGCCATCACCTCCAGGAAAAAAAAATAGGAAAGGATATAATCAGGTAATTCTCAAAGAAGAAATGCATGAGAAAAATGTATACAGTTTCAACAATCAAATAAATGCAAATTAAAACAAAATATCATTTTTTTGCCTTGTAATTTAATGATGAATAAAAAAATCTAATGTGACATTC
,3' downstream sequence,7,,,,,,cttattagttgaattggtcattgatataaacttctttgttatttgataat..........