No.,Exon / Intron,Chrom,Start,End,Start Phase,End Phase,Length,Sequence
,5' upstream sequence,4,,,,,,..........gttgtttttttgtgtgtgctagaaggcagggcctgtgagaggagaccctc
1,ENSE00003847835,4,88231628,88230994,-,-,635,AGTTACATCAGGGTTAAAAAAGCACAGGAAGTTTACGCACAGAGCAAAGCCATTTGCTAGAATTGGTTTTTATCCTTCCATTTCGAAAATAAAGTTGCTGTTTGTGTTGGAGATGCTGTCATCAGAATTCCGCGGCACAAAGAGAAAGATACAAAAATATCTCTCTGACATGTAACTTTCCCCCTTCTTCTAGCCCCTTGCTAGGAATGCCAGAAGAGGATCCCACGCTGACTGGAACCATTAGGTCTTTTGTTTGAATCCCAGTGATCGAGAAAGAAATGTGGTTCATAATCAGCTAGTAGTGGAGAAAAAAGGAACCCAAGGAGATAGGAGAGCTGTTAATTTCACTCGGGACATTTCCTCGAGGCTAGTTTACTCGGAAAGCCTCAATGTTCCCTGGTAGCTGCAGGATCTACTTTGGGGGCTGCCAAGTTTCCTCTCTCATTCTTTCTCCTGCCCCAAGAGCAGGCAGGAAGGAAAGTTCCTGGACTGATACTCGTCTGTTTAGTAGGCGTGGGTCCTGGTTGAAGTCTGTCTAGGAAAACTCCTAAGTGTAGAAATCTTCTTCGTATTACCACTGTCTCTGCACTGAGATTTGGGCTGCTTTGCTTCCAGCGTCACACATCATAACTGAG
 ,Intron 1-2,4,88230993,88211804,,,19190,gtgagttgtttgtttttgttttttc..........ttgcttatcccgtttttccctttag
2,ENSE00003844339,4,88211803,88211666,-,-,138,TGCAGTACCGGTTTGACTGTATCTTCAAGTTAAGAGAATTGCTGTATTCCCCAAAATATCTTGGTCATTTGAAAGTAAAGAGTTCTCGGCCGGGCACAGTGGCTCACGCCTGTAATCCCAGCACTTCAGAAGGCAAAG
 ,Intron 2-3,4,88211665,88140015,,,71651,gtaagcggatcacgtggtcaggaga..........cttactattgcttttctgtctgcag
3,ENSE00003465456,4,88140014,88139793,-,2,222,AAAGATAAAAACTCTCCAGATGTCTTCCAGTAATGTCGAAGTTTTTATCCCAGTGTCACAAGGAAACACCAATGGCTTCCCCGCGACAGCTTCCAATGACCTGAAGGCATTTACTGAAGGAGCTGTGTTAAGTTTTCATAACATCTGCTATCGAGTAAAACTGAAGAGTGGCTTTCTACCTTGTCGAAAACCAGTTGAGAAAGAAATATTATCGAATATCAA
 ,Intron 3-4,4,88139792,88132636,,,7157,gtatgtacatgaacttgtaaaaaga..........aatcagtctgtttttgtgtttacag
4,ENSE00000801191,4,88132635,88132576,2,2,60,TGGGATCATGAAACCTGGTCTCAACGCCATCCTGGGACCCACAGGTGGAGGCAAATCTTC
 ,Intron 4-5,4,88132575,88131918,,,658,gtgagtataagagagtataagtaag..........ccacaacatatatgtcctcttatag
5,ENSE00000801190,4,88131917,88131803,2,0,115,GTTATTAGATGTCTTAGCTGCAAGGAAAGATCCAAGTGGATTATCTGGAGATGTTCTGATAAATGGAGCACCGCGACCTGCCAATTTCAAATGTAATTCAGGTTACGTGGTACAA
 ,Intron 5-6,4,88131802,88131214,,,589,gtaagtattagtgggtttgcatttt..........tcattaaaatgctatttgccttaag
6,ENSE00000801189,4,88131213,88131061,0,0,153,GATGATGTTGTGATGGGCACTCTGACGGTGAGAGAAAACTTACAGTTCTCAGCAGCTCTTCGGCTTGCAACAACTATGACGAATCATGAAAAAAACGAACGGATTAACAGGGTCATTCAAGAGTTAGGTCTGGATAAAGTGGCAGACTCCAAG
 ,Intron 6-7,4,88131060,88121793,,,9268,gtaatgtggaaaaactgaaagcatc..........gacaattataatatttgtgatttag
7,ENSE00000801188,4,88121792,88121635,0,2,158,GTTGGAACTCAGTTTATCCGTGGTGTGTCTGGAGGAGAAAGAAAAAGGACTAGTATAGGAATGGAGCTTATCACTGATCCTTCCATCTTGTTCTTGGATGAGCCTACAACTGGCTTAGACTCAAGCACAGCAAATGCTGTCCTTTTGCTCCTGAAAAG
 ,Intron 7-8,4,88121634,88118261,,,3374,gtaaatgctctggaaacattattct..........tagtattgtctcacttttaacttag
8,ENSE00000801187,4,88118260,88118109,2,1,152,GATGTCTAAGCAGGGACGAACAATCATCTTCTCCATTCATCAGCCTCGATATTCCATCTTCAAGTTGTTTGATAGCCTCACCTTATTGGCCTCAGGAAGACTTATGTTCCACGGGCCTGCTCAGGAGGCCTTGGGATACTTTGAATCAGCTG
 ,Intron 8-9,4,88118108,88115059,,,3050,gtatggttgacttttttatgctgta..........gtttttgagctgccttctttcatag
9,ENSE00000801186,4,88115058,88114957,1,1,102,GTTATCACTGTGAGGCCTATAATAACCCTGCAGACTTCTTCTTGGACATCATTAATGGAGATTCCACTGCTGTGGCATTAAACAGAGAAGAAGACTTTAAAG
 ,Intron 9-10,4,88114956,88113554,,,1403,gtatatgaatctgttacagtcccag..........tcctttttatccactgattgcaaag
10,ENSE00000801185,4,88113553,88113303,1,0,251,CCACAGAGATCATAGAGCCTTCCAAGCAGGATAAGCCACTCATAGAAAAATTAGCGGAGATTTATGTCAACTCCTCCTTCTACAAAGAGACAAAAGCTGAATTACATCAACTTTCCGGGGGTGAGAAGAAGAAGAAGATCACAGTCTTCAAGGAGATCAGCTACACCACCTCCTTCTGTCATCAACTCAGATGGGTTTCCAAGCGTTCATTCAAAAACTTGCTGGGTAATCCCCAGGCCTCTATAGCTCAG
 ,Intron 10-11,4,88113302,88107267,,,6036,gtaaccagcagattcttttgaaata..........tttttgcatttttctttttgaaaag
11,ENSE00000801184,4,88107266,88107184,0,2,83,ATCATTGTCACAGTCGTACTGGGACTGGTTATAGGTGCCATTTACTTTGGGCTAAAAAATGATTCTACTGGAATCCAGAACAG
 ,Intron 11-12,4,88107183,88101320,,,5864,gtaagtaaatttggatcttgatttt..........gatttggttccccttttcatggcag
12,ENSE00000801183,4,88101319,88101230,2,2,90,AGCTGGGGTTCTCTTCTTCCTGACGACCAACCAGTGTTTCAGCAGTGTTTCAGCCGTGGAACTCTTTGTGGTAGAGAAGAAGCTCTTCAT
 ,Intron 12-13,4,88101229,88099449,,,1781,gtgagtaggtctttgttctgggaac..........tatgatacgtatttttgttctatag
13,ENSE00000801182,4,88099448,88099324,2,1,125,ACATGAATACATCAGCGGATACTACAGAGTGTCATCTTATTTCCTTGGAAAACTGTTATCTGATTTATTACCCATGAGGATGTTACCAAGTATTATATTTACCTGTATAGTGTACTTCATGTTAG
 ,Intron 13-14,4,88099323,88097608,,,1716,gtaagtatgtaacaaaacaaaaaag..........actacttcttctctttctgactaag
14,ENSE00000801181,4,88097607,88097453,1,0,155,GATTGAAGCCAAAGGCAGATGCCTTCTTCGTTATGATGTTTACCCTTATGATGGTGGCTTATTCAGCCAGTTCCATGGCACTGGCCATAGCAGCAGGTCAGAGTGTGGTTTCTGTAGCAACACTTCTCATGACCATCTGTTTTGTGTTTATGATG
 ,Intron 14-15,4,88097452,88095610,,,1843,gtgagtctgaactgtgtttgctctg..........gacttttagtatttgctttttgtag
15,ENSE00000801180,4,88095609,88095520,0,0,90,ATTTTTTCAGGTCTGTTGGTCAATCTCACAACCATTGCATCTTGGCTGTCATGGCTTCAGTACTTCAGCATTCCACGATATGGATTTACG
 ,Intron 15-16,4,88095519,88094660,,,860,gtatgtcttccttgtctgtcactgt..........tgccctgctcccacttgtgttatag
16,ENSE00003501294,4,88094659,88094577,0,2,83,GCTTTGCAGCATAATGAATTTTTGGGACAAAACTTCTGCCCAGGACTCAATGCAACAGGAAACAATCCTTGTAACTATGCAAC
 ,Intron 16-17,4,88094576,88092382,,,2195,gtaagtttttgttcagtgtcaaaat..........atattctttttctgtttaatttcag
17,ENSE00003848223,4,88092381,88090150,2,-,2232,ATGTACTGGCGAAGAATATTTGGTAAAGCAGGGCATCGATCTCTCACCCTGGGGCTTGTGGAAGAATCACGTGGCCTTGGCTTGTATGATTGTTATTTTCCTCACAATTGCCTACCTGAAATTGTTATTTCTTAAAAAATATTCTTAAATTTCCCCTTAATTCAGTATGATTTATCCTCACATAAAAAAGAAGCACTTTGATTGAAGTATTCAATCAAGTTTTTTTGTTGTTTTCTGTTCCCTTGCCATCACACTGTTGCACAGCAGCAATTGTTTTAAAGAGATACATTTTTAGAAATCACAACAAACTGAATTAAACATGAAAGAACCCAAGACATCATGTATCGCATATTAGTTAATCTCCTCAGACAGTAACCATGGGGAAGAAATCTGGTCTAATTTATTAATCTAAAAAAGGAGAATTGAATTCTGGAAACTCCTGACAAGTTATTACTGTCTCTGGCATTTGTTTCCTCATCTTTAAAATGAATAGGTAGGTTAGTAGCCCTTCAGTCTTAATACTTTATGATGCTATGGTTTGCCATTATTTAATAAATGACAAATGTATTAATGCTATACTGGAAATGTAAAATTGAAAATATGTTGGAAAAAAGATTCTGTCTTATAGGGTAAAAAAAGCCACCGTGATAGAAAAAAAATCTTTTTGATAAGCACATTAAAGTTAATAGAACTTACTGATATTCCTGTCTAGTGGTATAATATCTCAGGAATCTTGGCTGAGGGTTTGGAACTGTGGGTAGAGTAGAGGGCCAGGAGTCCAGTAATAGAATTCTTGCACCATTTCTGGAACATTCTAGCTCTGGGAGGTCACGTAACCTTCTTGGGGTAGTTCAGTGGTTTAGTGGTTTATAATCCAGGTGTGCGTCAGAATCATCTGAGGAACTTTGCTAAAATACAAAAATCTGGCCTAAGTAGCTCCAGATCTACCTTCATAAAGGAATCTGACCACTCCTGGATTTGGTAATTTCCAAGTTCTGAAAATTTTACTTAGGATTTAATAACTATTAACATCTGTCCCTACATAGGTTTTCTTTCCTACTTATATACCTTATGTTCTCTTCATTCTAACCTTCATCAGTAATAGGGAAATGTTTTAATTTTATTTTTTTAGTTGAAGGGTAATGTACCAAAAAATATAGTTCAGTGAATTAAAATGAACACACATGTGCAACCATCAATTCAGGTCAAGAAATAGAAGATTGTAGCACACAAAAGCCTACTCAGCCATTCTCCCAGTCACTACTTCCTTCCTTACCCCTGGGTTATTTTTGAAATGACACTTGATGTATTTCCCTCTGTTGCTGTTATGAGAACATTGCTACAGCCAAGTGTTGTGTTTCTGTGTGCATAGGTTGATACTTAATTATCTCCCCACTTTTTAATAAACTTTTAATTTGGAAATAATTTTAGATTGACAGAAAAGTTGCAAAGATAGTGAGGAAAGTTCCTGTCTACTCTTTGCTCAGCTTCCCTTAATGTTAACATTTTATATAGCAAGATGCATTTGTCAAAGCTAACAAGTTAACATTGGTACAATCACTGTTAATTAAACTGCACACAATATTCAGATTTCACCACTTTTCCACTAATATTCTTTCATTGTTCTAGGATTCAATTCAGGAGACCACATTTCATCTAGCCCTCTTTTTTAAAAGTAAATACTTTTCAGCACTTACAGGAGTTAACTGAGCTGGGGCATCATGGTGTATAGACGCCCTGACACTGGTCATCTTGGAATTCATTTAGTTTGTCAGTGGGTGCCCTGACATTCTGTCACAACATCAATTTGGGAACATGGCATTATATTTTTATCTTTGAACTTTTTTCTTTTTGGATGACATTTGATTAATGCGTCATCTTGGAACACATTATCTTTTTTCTTGGTTATGTGATCAGGAAGATTAATCAGTTTTTCCTGTTCTTGGTATAATTCCTGCTTTTCACATACCTGTCCCTTACAGTTCTCTATATATACCCTTCCCTTATTACACAGAGAGAAATATCTATCTATACTTTTTACACAAAATATACTTCAAAAGAAACAAAACAGCCACAATTATTAACTTTTTAAATAAATGAGAATTTAATTATATCCTATTTTATGTATTCTTTTTTTATATTAAAATTACCTTTATATGCTTTTGTTGTGGTAGGAACCAGATAACATAAAATTTACCATCTTAACCATTTTAAAATTAAGGACTTTTTTTT
,3' downstream sequence,4,,,,,,tttttttttttttgagatagagtctcgctttgtcgcccaggctgtggtgc..........