No.,Exon / Intron,Chrom,Start,End,Start Phase,End Phase,Length,Sequence
,5' upstream sequence,9,,,,,,..........gcggcggcggggcgggggcgggcctggcgggcgccctctccgggcccttt
1,ENSE00001955789,9,130835254,130835525,-,1,272,GTTAACAGGCGCGTCCCGGCCAGGCGGAGACGCGGCCGCGGCCATGGGCGGGCGCGGGCGCGCGGGGCGGCGGTGAGGGCGGCTGGCGGGGCCGGGGGCGCCGGGGGGGCGCGCGGGCCGAGCCGGGCCTGAGCCGGGCCCGCGGACCGAGCTGGGAGAGGGGTTCCGGCCCCCGACGTGCTGGCGCGGGAAAATGTTGGAGATCTGCCTGAAGCTGGTGGGCTGCAAATCCAAGAAGGGGCTGTCCTCGTCCTCCAGCTGTTATCTGGAAG
 ,Intron 1-2,9,130835526,130854063,,,18538,gtaagcccgggccgcacgggttggg..........ttctgttcccccctttctcttccag
2,ENSE00000984287,9,130854064,130854237,1,1,174,AAGCCCTTCAGCGGCCAGTAGCATCTGACTTTGAGCCTCAGGGTCTGAGTGAAGCCGCTCGTTGGAACTCCAAGGAAAACCTTCTCGCTGGACCCAGTGAAAATGACCCCAACCTTTTCGTTGCACTGTATGATTTTGTGGCCAGTGGAGATAACACTCTAAGCATAACTAAAG
 ,Intron 2-3,9,130854238,130854800,,,563,gtaaaagggttgtgggcagctagtg..........tctgatttggttcctttcttctcag
3,ENSE00002690665,9,130854801,130855096,1,0,296,GTGAAAAGCTCCGGGTCTTAGGCTATAATCACAATGGGGAATGGTGTGAAGCCCAAACCAAAAATGGCCAAGGCTGGGTCCCAAGCAACTACATCACGCCAGTCAACAGTCTGGAGAAACACTCCTGGTACCATGGGCCTGTGTCCCGCAATGCCGCTGAGTATCTGCTGAGCAGCGGGATCAATGGCAGCTTCTTGGTGCGTGAGAGTGAGAGCAGTCCTGGCCAGAGGTCCATCTCGCTGAGATACGAAGGGAGGGTGTACCATTACAGGATCAACACTGCTTCTGATGGCAAG
 ,Intron 3-4,9,130855097,130862762,,,7666,gtaggggacccttggcagggggcgc..........gaaggctgttccctgtttccttcag
4,ENSE00002065214,9,130862763,130863035,0,0,273,CTCTACGTCTCCTCCGAGAGCCGCTTCAACACCCTGGCCGAGTTGGTTCATCATCATTCAACGGTGGCCGACGGGCTCATCACCACGCTCCATTATCCAGCCCCAAAGCGCAACAAGCCCACTGTCTATGGTGTGTCCCCCAACTACGACAAGTGGGAGATGGAACGCACGGACATCACCATGAAGCACAAGCTGGGCGGGGGCCAGTACGGGGAGGTGTACGAGGGCGTGTGGAAGAAATACAGCCTGACGGTGGCCGTGAAGACCTTGAAG
 ,Intron 4-5,9,130863036,130872128,,,9093,gtaggctgggactgccgggggtgcc..........caccttcgtttttttccttctgcag
5,ENSE00001726283,9,130872129,130872213,0,1,85,GAGGACACCATGGAGGTGGAAGAGTTCTTGAAAGAAGCTGCAGTCATGAAAGAGATCAAACACCCTAACCTGGTGCAGCTCCTTG
 ,Intron 5-6,9,130872214,130872859,,,646,gtgagtaagcccggggctctgaaga..........gaagtcctcgttgtcttgttggcag
6,ENSE00001700841,9,130872860,130873037,1,2,178,GGGTCTGCACCCGGGAGCCCCCGTTCTATATCATCACTGAGTTCATGACCTACGGGAACCTCCTGGACTACCTGAGGGAGTGCAACCGGCAGGAGGTGAACGCCGTGGTGCTGCTGTACATGGCCACTCAGATCTCGTCAGCCATGGAGTACCTGGAGAAGAAAAACTTCATCCACAG
 ,Intron 6-7,9,130873038,130874867,,,1830,gtaggggcctggccaggcagcctgc..........atgggtgaacattttcctttcttag
7,ENSE00001758713,9,130874868,130875052,2,1,185,AGATCTTGCTGCCCGAAACTGCCTGGTAGGGGAGAACCACTTGGTGAAGGTAGCTGATTTTGGCCTGAGCAGGTTGATGACAGGGGACACCTACACAGCCCATGCTGGAGCCAAGTTCCCCATCAAATGGACTGCACCCGAGAGCCTGGCCTACAACAAGTTCTCCATCAAGTCCGACGTCTGGG
 ,Intron 7-8,9,130875053,130878414,,,3362,gtaagggctgctgctgcactgaagt..........cctttctctttcggttttctttcag
8,ENSE00001741732,9,130878415,130878567,1,1,153,CATTTGGAGTATTGCTTTGGGAAATTGCTACCTATGGCATGTCCCCTTACCCGGGAATTGACCTGTCCCAGGTGTATGAGCTGCTAGAGAAGGACTACCGCATGGAGCGCCCAGAAGGCTGCCCAGAGAAGGTCTATGAACTCATGCGAGCAT
 ,Intron 8-9,9,130878568,130880067,,,1500,gtaagccttcctcagcctgttctca..........tctgacttgggtttcatctgtccag
9,ENSE00001715343,9,130880068,130880157,1,1,90,GTTGGCAGTGGAATCCCTCTGACCGGCCCTCCTTTGCTGAAATCCACCAAGCCTTTGAAACAATGTTCCAGGAATCCAGTATCTCAGACG
 ,Intron 9-10,9,130880158,130880499,,,342,gtaaagtacccatcccggggtacct..........gtttctgtccctgtatgattcttag
10,ENSE00001781962,9,130880500,130880664,1,1,165,AAGTGGAAAAGGAGCTGGGGAAACAAGGCGTCCGTGGGGCTGTGAGTACCTTGCTGCAGGCCCCAGAGCTGCCCACCAAGACGAGGACCTCCAGGAGAGCTGCAGAGCACAGAGACACCACTGACGTGCCTGAGATGCCTCACTCCAAGGGCCAGGGAGAGAGCG
 ,Intron 10-11,9,130880665,130883968,,,3304,gtaagtcccccgcttcccccaaccc..........gtcagctcttccccttgcgtttcag
11,ENSE00001457584,9,130883969,130887675,1,-,3707,ATCCTCTGGACCATGAGCCTGCCGTGTCTCCATTGCTCCCTCGAAAAGAGCGAGGTCCCCCGGAGGGCGGCCTGAATGAAGATGAGCGCCTTCTCCCCAAAGACAAAAAGACCAACTTGTTCAGCGCCTTGATCAAGAAGAAGAAGAAGACAGCCCCAACCCCTCCCAAACGCAGCAGCTCCTTCCGGGAGATGGACGGCCAGCCGGAGCGCAGAGGGGCCGGCGAGGAAGAGGGCCGAGACATCAGCAACGGGGCACTGGCTTTCACCCCCTTGGACACAGCTGACCCAGCCAAGTCCCCAAAGCCCAGCAATGGGGCTGGGGTCCCCAATGGAGCCCTCCGGGAGTCCGGGGGCTCAGGCTTCCGGTCTCCCCACCTGTGGAAGAAGTCCAGCACGCTGACCAGCAGCCGCCTAGCCACCGGCGAGGAGGAGGGCGGTGGCAGCTCCAGCAAGCGCTTCCTGCGCTCTTGCTCCGCCTCCTGCGTTCCCCATGGGGCCAAGGACACGGAGTGGAGGTCAGTCACGCTGCCTCGGGACTTGCAGTCCACGGGAAGACAGTTTGACTCGTCCACATTTGGAGGGCACAAAAGTGAGAAGCCGGCTCTGCCTCGGAAGAGGGCAGGGGAGAACAGGTCTGACCAGGTGACCCGAGGCACAGTAACGCCTCCCCCCAGGCTGGTGAAAAAGAATGAGGAAGCTGCTGATGAGGTCTTCAAAGACATCATGGAGTCCAGCCCGGGCTCCAGCCCGCCCAACCTGACTCCAAAACCCCTCCGGCGGCAGGTCACCGTGGCCCCTGCCTCGGGCCTCCCCCACAAGGAAGAAGCTGGAAAGGGCAGTGCCTTAGGGACCCCTGCTGCAGCTGAGCCAGTGACCCCCACCAGCAAAGCAGGCTCAGGTGCACCAGGGGGCACCAGCAAGGGCCCCGCCGAGGAGTCCAGAGTGAGGAGGCACAAGCACTCCTCTGAGTCGCCAGGGAGGGACAAGGGGAAATTGTCCAGGCTCAAACCTGCCCCGCCGCCCCCACCAGCAGCCTCTGCAGGGAAGGCTGGAGGAAAGCCCTCGCAGAGCCCGAGCCAGGAGGCGGCCGGGGAGGCAGTCCTGGGCGCAAAGACAAAAGCCACGAGTCTGGTTGATGCTGTGAACAGTGACGCTGCCAAGCCCAGCCAGCCGGGAGAGGGCCTCAAAAAGCCCGTGCTCCCGGCCACTCCAAAGCCACAGTCCGCCAAGCCGTCGGGGACCCCCATCAGCCCAGCCCCCGTTCCCTCCACGTTGCCATCAGCATCCTCGGCCCTGGCAGGGGACCAGCCGTCTTCCACCGCCTTCATCCCTCTCATATCAACCCGAGTGTCTCTTCGGAAAACCCGCCAGCCTCCAGAGCGGATCGCCAGCGGCGCCATCACCAAGGGCGTGGTCCTGGACAGCACCGAGGCGCTGTGCCTCGCCATCTCTAGGAACTCCGAGCAGATGGCCAGCCACAGCGCAGTGCTGGAGGCCGGCAAAAACCTCTACACGTTCTGCGTGAGCTATGTGGATTCCATCCAGCAAATGAGGAACAAGTTTGCCTTCCGAGAGGCCATCAACAAACTGGAGAATAATCTCCGGGAGCTTCAGATCTGCCCGGCGACAGCAGGCAGTGGTCCAGCGGCCACTCAGGACTTCAGCAAGCTCCTCAGTTCGGTGAAGGAAATCAGTGACATAGTGCAGAGGTAGCAGCAGTCAGGGGTCAGGTGTCAGGCCCGTCGGAGCTGCCTGCAGCACATGCGGGCTCGCCCATACCCGTGACAGTGGCTGACAAGGGACTAGTGAGTCAGCACCTTGGCCCAGGAGCTCTGCGCCAGGCAGAGCTGAGGGCCCTGTGGAGTCCAGCTCTACTACCTACGTTTGCACCGCCTGCCCTCCCGCACCTTCCTCCTCCCCGCTCCGTCTCTGTCCTCGAATTTTATCTGTGGAGTTCCTGCTCCGTGGACTGCAGTCGGCATGCCAGGACCCGCCAGCCCCGCTCCCACCTAGTGCCCCAGACTGAGCTCTCCAGGCCAGGTGGGAACGGCTGATGTGGACTGTCTTTTTCATTTTTTTCTCTCTGGAGCCCCTCCTCCCCCGGCTGGGCCTCCTTCTTCCACTTCTCCAAGAATGGAAGCCTGAACTGAGGCCTTGTGTGTCAGGCCCTCTGCCTGCACTCCCTGGCCTTGCCCGTCGTGTGCTGAAGACATGTTTCAAGAACCGCATTTCGGGAAGGGCATGCACGGGCATGCACACGGCTGGTCACTCTGCCCTCTGCTGCTGCCCGGGGTGGGGTGCACTCGCCATTTCCTCACGTGCAGGACAGCTCTTGATTTGGGTGGAAAACAGGGTGCTAAAGCCAACCAGCCTTTGGGTCCTGGGCAGGTGGGAGCTGAAAAGGATCGAGGCATGGGGCATGTCCTTTCCATCTGTCCACATCCCCAGAGCCCAGCTCTTGCTCTCTTGTGACGTGCACTGTGAATCCTGGCAAGAAAGCTTGAGTCTCAAGGGTGGCAGGTCACTGTCACTGCCGACATCCCTCCCCCAGCAGAATGGAGGCAGGGGACAAGGGAGGCAGTGGCTAGTGGGGTGAACAGCTGGTGCCAAATAGCCCCAGACTGGGCCCAGGCAGGTCTGCAAGGGCCCAGAGTGAACCGTCCTTTCACACATCTGGGTGCCCTGAAAGGGCCCTTCCCCTCCCCCACTCCTCTAAGACAAAGTAGATTCTTACAAGGCCCTTTCCTTTGGAACAAGACAGCCTTCACTTTTCTGAGTTCTTGAAGCATTTCAAAGCCCTGCCTCTGTGTAGCCGCCCTGAGAGAGAATAGAGCTGCCACTGGGCACCTGCGCACAGGTGGGAGGAAAGGGCCTGGCCAGTCCTGGTCCTGGCTGCACTCTTGAACTGGGCGAATGTCTTATTTAATTACCGTGAGTGACATAGCCTCATGTTCTGTGGGGGTCATCAGGGAGGGTTAGGAAAACCACAAACGGAGCCCCTGAAAGCCTCACGTATTTCACAGAGCACGCCTGCCATCTTCTCCCCGAGGCTGCCCCAGGCCGGAGCCCAGATACGGGGGCTGTGACTCTGGGCAGGGACCCGGGGTCTCCTGGACCTTGACAGAGCAGCTAACTCCGAGAGCAGTGGGCAGGTGGCCGCCCCTGAGGCTTCACGCCGGGAGAAGCCACCTTCCCACCCCTTCATACCGCCTCGTGCCAGCAGCCTCGCACAGGCCCTAGCTTTACGCTCATCACCTAAACTTGTACTTTATTTTTCTGATAGAAATGGTTTCCTCTGGATCGTTTTATGCGGTTCTTACAGCACATCACCTCTTTGCCCCCGACGGCTGTGACGCAGCCGGAGGGAGGCACTAGTCACCGACAGCGGCCTTGAAGACAGAGCAAAGCGCCCACCCAGGTCCCCCGACTGCCTGTCTCCATGAGGTACTGGTCCCTTCCTTTTGTTAACGTGATGTGCCACTATATTTTACACGTATCTCTTGGTATGCATCTTTTATAGACGCTCTTTTCTAAGTGGCGTGTGCATAGCGTCCTGCCCTGCCCCCTCGGGGGCCTGTGGTGGCTCCCCCTCTGCTTCTCGGGGTCCAGTGCATTTTGTTTCTGTATATGATTCTCTGTGGTTTTTTTTGAATCCAAATCTGTCCTCTGTAGTATTTTTTAAATAAATCAGTGTTTACATTAGAA
,3' downstream sequence,9,,,,,,ttcttggcagattgcttcggcctgtgatcctgccctgttgttctgagcct..........