No.,Exon / Intron,Chrom,Start,End,Start Phase,End Phase,Length,Sequence
,5' upstream sequence,17,,,,,,..........gggcgggggtgtgtcgggttttataacccgcagggcggccgcggcgcagg
1,ENSE00003629718,17,63477061,63477343,-,0,283,AGAAGGGGCAGAGCCGAGCACCGCGCACCGCGTCATGGGGGCCGCCTCGGGCCGCCGGGGGCCGGGGCTGCTGCTGCCGCTGCCGCTGCTGTTGCTGCTGCCGCCGCAGCCCGCCCTGGCGTTGGACCCCGGGCTGCAGCCCGGCAACTTTTCTGCTGACGAGGCCGGGGCGCAGCTCTTCGCGCAGAGCTACAACTCCAGCGCCGAACAGGTGCTGTTCCAGAGCGTGGCCGCCAGCTGGGCGCACGACACCAACATCACCGCGGAGAATGCAAGGCGCCAG
 ,Intron 1-2,17,63477344,63477930,,,587,gtgggcgcccgggcccgggcggggg..........tccctgccctcctggtgcccaatag
2,ENSE00003661262,17,63477931,63478098,0,0,168,GAGGAAGCAGCCCTGCTCAGCCAGGAGTTTGCGGAGGCCTGGGGCCAGAAGGCCAAGGAGCTGTATGAACCGATCTGGCAGAACTTCACGGACCCGCAGCTGCGCAGGATCATCGGAGCTGTGCGCACCCTGGGCTCTGCCAACCTGCCCCTGGCTAAGCGGCAGCAG
 ,Intron 2-3,17,63478099,63479006,,,908,gtgggctgagggctgaggcagagct..........gcattcctcccctctgactccccag
3,ENSE00003484452,17,63479007,63479100,0,1,94,TACAACGCCCTGCTAAGCAACATGAGCAGGATCTACTCCACCGCCAAGGTCTGCCTCCCCAACAAGACTGCCACCTGCTGGTCCCTGGACCCAG
 ,Intron 3-4,17,63479101,63479768,,,668,gtacggcccttgcagctcccctctc..........ccgaccctgcctgcctgtgtctcag
4,ENSE00003655430,17,63479769,63479912,1,1,144,ATCTCACCAACATCCTGGCTTCCTCGCGAAGCTACGCCATGCTCCTGTTTGCCTGGGAGGGCTGGCACAACGCTGCGGGCATCCCGCTGAAACCGCTGTACGAGGATTTCACTGCCCTCAGCAATGAAGCCTACAAGCAGGACG
 ,Intron 4-5,17,63479913,63480336,,,424,gtgagcaggcctctccctgtccagg..........acatacctcacccccacgcccccag
5,ENSE00003657193,17,63480337,63480528,1,1,192,GCTTCACAGACACGGGGGCCTACTGGCGCTCCTGGTACAACTCCCCCACCTTCGAGGACGATCTGGAACACCTCTACCAACAGCTAGAGCCCCTCTACCTGAACCTCCATGCCTTCGTCCGCCGCGCACTGCATCGCCGATACGGAGACAGATACATCAACCTCAGGGGACCCATCCCTGCTCATCTGCTGG
 ,Intron 5-6,17,63480529,63481090,,,562,gtaaggacctggcctcgcctccaca..........gctgtccccttccttccttatctag
6,ENSE00003673106,17,63481091,63481188,1,0,98,GAGACATGTGGGCCCAGAGCTGGGAAAACATCTACGACATGGTGGTGCCTTTCCCAGACAAGCCCAACCTCGATGTCACCAGTACTATGCTGCAGCAG
 ,Intron 6-7,17,63481189,63481565,,,377,gtaagctctgggctcaagcctgggg..........acctggctccacacccctcctccag
7,ENSE00003666007,17,63481566,63481738,0,2,173,GGCTGGAACGCCACGCACATGTTCCGGGTGGCAGAGGAGTTCTTCACCTCCCTGGAGCTCTCCCCCATGCCTCCCGAGTTCTGGGAAGGGTCGATGCTGGAGAAGCCGGCCGACGGGCGGGAAGTGGTGTGCCACGCCTCGGCTTGGGACTTCTACAACAGGAAAGACTTCAG
 ,Intron 7-8,17,63481739,63482465,,,727,gttcagacatgggaagagcacgttc..........caccctcgccctctctacgccccag
8,ENSE00003498519,17,63482466,63482689,2,1,224,GATCAAGCAGTGCACACGGGTCACGATGGACCAGCTCTCCACAGTGCACCATGAGATGGGCCATATACAGTACTACCTGCAGTACAAGGATCTGCCCGTCTCCCTGCGTCGGGGGGCCAACCCCGGCTTCCATGAGGCCATTGGGGACGTGCTGGCGCTCTCGGTCTCCACTCCTGAACATCTGCACAAAATCGGCCTGCTGGACCGTGTCACCAATGACACGG
 ,Intron 8-9,17,63482690,63483028,,,339,gtatgggagggctgagaggccccca..........ctcctttcatctcatctcccaacag
9,ENSE00003548315,17,63483029,63483173,1,2,145,AAAGTGACATCAATTACTTGCTAAAAATGGCACTGGAAAAAATTGCCTTCCTGCCCTTTGGCTACTTGGTGGACCAGTGGCGCTGGGGGGTCTTTAGTGGGCGTACCCCCCCTTCCCGCTACAACTTCGACTGGTGGTATCTTCG
 ,Intron 9-10,17,63483174,63483459,,,286,gtgagaggagggatagaaaagcctt..........agacaatttaaccatccttttccag
10,ENSE00003665301,17,63483460,63483558,2,2,99,AACCAAGTATCAGGGGATCTGTCCTCCTGTTACCCGAAACGAAACCCACTTTGATGCTGGAGCTAAGTTTCATGTTCCAAATGTGACACCATACATCAG
 ,Intron 10-11,17,63483559,63483848,,,290,gtattagcgcccccaccccacccac..........cctgactcccaccctgtgcctgcag
11,ENSE00003583833,17,63483849,63483971,2,2,123,GTACTTTGTGAGTTTTGTCCTGCAGTTCCAGTTCCATGAAGCCCTGTGCAAGGAGGCAGGCTATGAGGGCCCACTGCACCAGTGTGACATCTACCGGTCCACCAAGGCAGGGGCCAAGCTCCG
 ,Intron 11-12,17,63483972,63484329,,,358,gtgtgtggtgggaagccgggggaag..........ccatggtacccactctgcccaccag
12,ENSE00003566846,17,63484330,63484541,2,1,212,GAAGGTGCTGCAGGCTGGCTCCTCCAGGCCCTGGCAGGAGGTGCTGAAGGACATGGTCGGCTTAGATGCCCTGGATGCCCAGCCGCTGCTCAAGTACTTCCAGCCAGTCACCCAGTGGCTGCAGGAGCAGAACCAGCAGAACGGCGAGGTCCTGGGCTGGCCCGAGTACCAGTGGCACCCGCCGTTGCCTGACAACTACCCGGAGGGCATAG
 ,Intron 12-13,17,63484542,63485235,,,694,gtaaagccctgagtgaggatggtgt..........tgtttccctgcactctgtcccacag
13,ENSE00003546645,17,63485236,63485372,1,0,137,ACCTGGTGACTGATGAGGCTGAGGCCAGCAAGTTTGTGGAGGAATATGACCGGACATCCCAGGTGGTGTGGAACGAGTATGCCGAGGCCAACTGGAACTACAACACCAACATCACCACAGAGACCAGCAAGATTCTG
 ,Intron 13-14,17,63485373,63486556,,,1184,gtgggagccacctccccacccccaa..........tgacaccatccccctgtgccctcag
14,ENSE00003659350,17,63486557,63486715,0,0,159,CTGCAGAAGAACATGCAAATAGCCAACCACACCCTGAAGTACGGCACCCAGGCCAGGAAGTTTGATGTGAACCAGTTGCAGAACACCACTATCAAGCGGATCATAAAGAAGGTTCAGGACCTAGAACGGGCAGCACTGCCTGCCCAGGAGCTGGAGGAG
 ,Intron 14-15,17,63486716,63486985,,,270,gtgtgtggctcgcaaggtacaggga..........tcattgcctctccttcctcctgcag
15,ENSE00003561256,17,63486986,63487073,0,1,88,TACAACAAGATCCTGTTGGATATGGAAACCACCTACAGCGTGGCCACTGTGTGCCACCCGAATGGCAGCTGCCTGCAGCTCGAGCCAG
 ,Intron 15-16,17,63487074,63488647,,,1574,gtgagagctcatgtgcaggctgagt..........ctcaaggcattcaaacccctaccag
16,ENSE00003606637,17,63488648,63488791,1,1,144,ATCTGACGAATGTGATGGCCACGTCCCGGAAATATGAAGACCTGTTATGGGCATGGGAGGGCTGGCGAGACAAGGCGGGGAGAGCCATCCTCCAGTTTTACCCGAAATACGTGGAACTCATCAACCAGGCTGCCCGGCTCAATG
 ,Intron 16-17,17,63488792,63488940,,,149,gtgagtccctgctgccaacatcact..........gagcctggctgtgtcccctctgtag
17,ENSE00003460790,17,63488941,63489132,1,1,192,GCTATGTAGATGCAGGGGACTCGTGGAGGTCTATGTACGAGACACCATCCCTGGAGCAAGACCTGGAGCGGCTCTTCCAGGAGCTGCAGCCACTCTACCTCAACCTGCATGCCTACGTGCGCCGGGCCCTGCACCGTCACTACGGGGCCCAGCACATCAACCTGGAGGGGCCCATTCCTGCTCACCTGCTGG
 ,Intron 17-18,17,63489133,63490953,,,1821,gtaagggcacatgtcgggccttgag..........tgccgtcccccacactcgcctccag
18,ENSE00003485879,17,63490954,63491051,1,0,98,GGAACATGTGGGCGCAGACCTGGTCCAACATCTATGACTTGGTGGTGCCCTTCCCTTCAGCCCCCTCGATGGACACCACAGAGGCTATGCTAAAGCAG
 ,Intron 18-19,17,63491052,63491208,,,157,gtccgcaccagcccaggggcaggga..........tgggcagaactccctctgcttgcag
19,ENSE00003644850,17,63491209,63491381,0,2,173,GGCTGGACGCCCAGGAGGATGTTTAAGGAGGCTGATGATTTCTTCACCTCCCTGGGGCTGCTGCCCGTGCCTCCTGAGTTCTGGAACAAGTCGATGCTGGAGAAGCCAACCGACGGGCGGGAGGTGGTCTGCCACGCCTCGGCCTGGGACTTCTACAACGGCAAGGACTTCCG
 ,Intron 19-20,17,63491382,63493435,,,2054,gtacatccagctagggctcaggtct..........ctctcccccactccactattcctag
20,ENSE00003574324,17,63493436,63493659,2,1,224,GATCAAGCAGTGCACCACCGTGAACTTGGAGGACCTGGTGGTGGCCCACCACGAAATGGGCCACATCCAGTATTTCATGCAGTACAAAGACTTACCTGTGGCCTTGAGGGAGGGTGCCAACCCCGGCTTCCATGAGGCCATTGGGGACGTGCTAGCCCTCTCAGTGTCTACGCCCAAGCACCTGCACAGTCTCAACCTGCTGAGCAGTGAGGGTGGCAGCGACG
 ,Intron 20-21,17,63493660,63493921,,,262,gtgagagagaagcgggaggccctgg..........acagctgggctcccttcccttgcag
21,ENSE00003545829,17,63493922,63494066,1,2,145,AGCATGACATCAACTTTCTGATGAAGATGGCCCTTGACAAGATCGCCTTTATCCCCTTCAGCTACCTCGTCGATCAGTGGCGCTGGAGGGTATTTGATGGAAGCATCACCAAGGAGAACTATAACCAGGAGTGGTGGAGCCTCAG
 ,Intron 21-22,17,63494067,63494371,,,305,gttctggaacactcccacgggatgc..........tccaacatatattcccactcgacag
22,ENSE00003683947,17,63494372,63494470,2,2,99,GCTGAAGTACCAGGGCCTCTGCCCCCCAGTGCCCAGGACTCAAGGTGACTTTGACCCAGGGGCCAAGTTCCACATTCCTTCTAGCGTGCCTTACATCAG
 ,Intron 22-23,17,63494471,63496393,,,1923,gtaacgggaaaggcaggagggcaca..........gggccacggcctcgctctgctccag
23,ENSE00003685583,17,63496394,63496516,2,2,123,GTACTTTGTCAGCTTCATCATCCAGTTCCAGTTCCACGAGGCACTGTGCCAGGCAGCTGGCCACACGGGCCCCCTGCACAAGTGTGACATCTACCAGTCCAAGGAGGCCGGGCAGCGCCTGGC
 ,Intron 23-24,17,63496517,63496797,,,281,gtgagtgtcctccagccctcctttg..........gcctccctgtctcatgcctccccag
24,ENSE00003557946,17,63496798,63496985,2,1,188,GACCGCCATGAAGCTGGGCTTCAGTAGGCCGTGGCCGGAAGCCATGCAGCTGATCACGGGCCAGCCCAACATGAGCGCCTCGGCCATGTTGAGCTACTTCAAGCCGCTGCTGGACTGGCTCCGCACGGAGAACGAGCTGCATGGGGAGAAGCTGGGCTGGCCGCAGTACAACTGGACGCCGAACTCCG
 ,Intron 24-25,17,63496986,63497136,,,151,gtaccgccacccaccccacctccag..........tgctgtctccttgcttcccgctcag
25,ENSE00002259849,17,63497137,63498373,1,-,1237,CTCGCTCAGAAGGGCCCCTCCCAGACAGCGGCCGCGTCAGCTTCCTGGGCCTGGACCTGGATGCGCAGCAGGCCCGCGTGGGCCAGTGGCTGCTGCTCTTCCTGGGCATCGCCCTGCTGGTAGCCACCCTGGGCCTCAGCCAGCGGCTCTTCAGCATCCGCCACCGCAGCCTCCACCGGCACTCCCACGGGCCCCAGTTCGGCTCCGAGGTGGAGCTGAGACACTCCTGAGGTGACCCGGCTGGGTCGGCCCTGCCCAAGGGCCTCCCACCAGAGACTGGGATGGGAACACTGGTGGGCAGCTGAGGACACACCCCACACCCCAGCCCACCCTGCTCCTCCTGCCCTGTCCCTGTCCCCCTCCCCTCCCAGTCCTCCAGACCACCAGCCGCCCCAGCCCCTTCTCCCAGCACACGGCTGCCTGACACTGAGCCCCACCTCTCCAAGTCTCTCTGTGAATACAATTAAAGGTCCTGCCCTCCCCATCTGAGTCTGTGTCCCTCACAGGGAAGCCAGGGACAGGGACAGGCTGCTTTCCTGCCTCCTGGCAGTCAAGTGGGTCCCGTTACTAGGTTTGTTCCTCCATCCTCCTTCAGGAGCCGGGGAGGATCCCCAGAGCTCTGCCCCAGCACCTCCTGGCGCTGGCGCCTGTCTTCCCTCCAGCCCAGGCAGCCCGCCACTGTCCTGCCACCGCAGGCAGCCCCTGTCTGGCCCAAGCACTGACCCACGCGGACTCTGGGAAGCAGACATCCTGGGCTGCTGGCCTCACATTTCCACTGGCAGTGGAGCCTTTCCCTGCTCCACAAATGGCCAGGTCCCCCCAGGGGAAGGCTTCCGGCTGTTATCGGCTGCCTCAGGGGGCGAGTACCTTGGAGGGCCTGCTTCAAGGAGGGTGCCCCCTGGAGGGCACACACCAGCCTAGTGCTTACCTTGGCTCCTGCCTGTACCAGCTCCATGACTCTGCTCGGGTGAACAGCCTTGGCTCTCAGACAGCCATTCTAACACTGCCAGTGCAGAGGGGCCTCAGACGCTGGAGTGTAGCAGTGGCTGCACCTGCACAGGGATTAGCTGCCAGCAGCCACCCTGCTGGCGTCCCAGCACACACCTCCTCACTCCCTGCATTGGAGGGAGTGTCATTTTAAGGGACATTTTTATGACTTTTATGTGTATGTTTATGTAGAAATTTGGAAAATACAGAAAACTGTAAAGAAAATAAAAGCCCTTTATATCAACGTCAA
,3' downstream sequence,17,,,,,,gagataagccctgttgacgttttggtgtacaacttgccggacttcttctc..........