No.,Exon / Intron,Chrom,Start,End,Start Phase,End Phase,Length,Sequence
,5' upstream sequence,2,,,,,,..........ctgcgcgcgctcgcgcggctcagccagctgcaagtggcgggcgcccaggc
1,ENSE00001794937,2,29921586,29919993,-,1,1594,AGATGCGATCCAGCGGCTCTGGGGGCGGCAGCGGTGGTAGCAGCTGGTACCTCCCGCCGCCTCTGTTCGGAGGGTCGCGGGGCACCGAGGTGCTTTCCGGCCGCCCTCTGGTCGGCCACCCAAAGCCGCGGGCGCTGATGATGGGTGAGGAGGGGGCGGCAAGATTTCGGGCGCCCCTGCCCTGAACGCCCTCAGCTGCTGCCGCCGGGGCCGCTCCAGTGCCTGCGAACTCTGAGGAGCCGAGGCGCCGGTGAGAGCAAGGACGCTGCAAACTTGCGCAGCGCGGGGGCTGGGATTCACGCCCAGAAGTTCAGCAGGCAGACAGTCCGAAGCCTTCCCGCAGCGGAGAGATAGCTTGAGGGTGCGCAAGACGGCAGCCTCCGCCCTCGGTTCCCGCCCAGACCGGGCAGAAGAGCTTGGAGGAGCCAAAAGGAACGCAAAAGGCGGCCAGGACAGCGTGCAGCAGCTGGGAGCCGCCGTTCTCAGCCTTAAAAGTTGCAGAGATTGGAGGCTGCCCCGAGAGGGGACAGACCCCAGCTCCGACTGCGGGGGGCAGGAGAGGACGGTACCCAACTGCCACCTCCCTTCAACCATAGTAGTTCCTCTGTACCGAGCGCAGCGAGCTACAGACGGGGGCGCGGCACTCGGCGCGGAGAGCGGGAGGCTCAAGGTCCCAGCCAGTGAGCCCAGTGTGCTTGAGTGTCTCTGGACTCGCCCCTGAGCTTCCAGGTCTGTTTCATTTAGACTCCTGCTCGCCTCCGTGCAGTTGGGGGAAAGCAAGAGACTTGCGCGCACGCACAGTCCTCTGGAGATCAGGTGGAAGGAGCCGCTGGGTACCAAGGACTGTTCAGAGCCTCTTCCCATCTCGGGGAGAGCGAAGGGTGAGGCTGGGCCCGGAGAGCAGTGTAAACGGCCTCCTCCGGCGGGATGGGAGCCATCGGGCTCCTGTGGCTCCTGCCGCTGCTGCTTTCCACGGCAGCTGTGGGCTCCGGGATGGGGACCGGCCAGCGCGCGGGCTCCCCAGCTGCGGGGCCGCCGCTGCAGCCCCGGGAGCCACTCAGCTACTCGCGCCTGCAGAGGAAGAGTCTGGCAGTTGACTTCGTGGTGCCCTCGCTCTTCCGTGTCTACGCCCGGGACCTACTGCTGCCACCATCCTCCTCGGAGCTGAAGGCTGGCAGGCCCGAGGCCCGCGGCTCGCTAGCTCTGGACTGCGCCCCGCTGCTCAGGTTGCTGGGGCCGGCGCCGGGGGTCTCCTGGACCGCCGGTTCACCAGCCCCGGCAGAGGCCCGGACGCTGTCCAGGGTGCTGAAGGGCGGCTCCGTGCGCAAGCTCCGGCGTGCCAAGCAGTTGGTGCTGGAGCTGGGCGAGGAGGCGATCTTGGAGGGTTGCGTCGGGCCCCCCGGGGAGGCGGCTGTGGGGCTGCTCCAGTTCAATCTCAGCGAGCTGTTCAGTTGGTGGATTCGCCAAGGCGAAGGGCGACTGAGGATCCGCCTGATGCCCGAGAAGAAGGCGTCGGAAGTGGGCAGAGAGGGAAGGCTGTCCGCGGCAATTCGCGCCTCCCAGCCCCGCCTTCTCTTCCAGATCTTCGGGACTG
 ,Intron 1-2,2,29919992,29717698,,,202295,gtgagcagctcccgcctgagtgtgc..........gtgttttctttatttttatgtccag
2,ENSE00001313023,2,29717697,29717578,1,1,120,GTCATAGCTCCTTGGAATCACCAACAAACATGCCTTCTCCTTCTCCTGATTATTTTACATGGAATCTCACCTGGATAATGAAAGACTCCTTCCCTTTCCTGTCTCATCGCAGCCGATATG
 ,Intron 2-3,2,29717577,29695015,,,22563,gtaagtatatgtttaatatttactt..........cattgacccttggctattattgcag
3,ENSE00001290865,2,29695014,29694850,1,1,165,GTCTGGAGTGCAGCTTTGACTTCCCCTGTGAGCTGGAGTATTCCCCTCCACTGCATGACCTCAGGAACCAGAGCTGGTCCTGGCGCCGCATCCCCTCCGAGGAGGCCTCCCAGATGGACTTGCTGGATGGGCCTGGGGCAGAGCGTTCTAAGGAGATGCCCAGAG
 ,Intron 3-4,2,29694849,29532117,,,162733,gtaagggagaggctgctggtgatgt..........attcgttttccctgtctctttccag
4,ENSE00001313033,2,29532116,29531915,1,2,202,GCTCCTTTCTCCTTCTCAACACCTCAGCTGACTCCAAGCACACCATCCTGAGTCCGTGGATGAGGAGCAGCAGTGAGCACTGCACACTGGCCGTCTCGGTGCACAGGCACCTGCAGCCCTCTGGAAGGTACATTGCCCAGCTGCTGCCCCACAACGAGGCTGCAAGAGAGATCCTCCTGATGCCCACTCCAGGGAAGCATGG
 ,Intron 4-5,2,29531914,29383860,,,148055,gtaagtacttctccatgtccaaaat..........ctcctctgttttccaatgcaaccag
5,ENSE00001255693,2,29383859,29383732,2,1,128,TTGGACAGTGCTCCAGGGAAGAATCGGGCGTCCAGACAACCCATTTCGAGTGGCCCTGGAATACATCTCCAGTGGAAACCGCAGCTTGTCTGCAGTGGACTTCTTTGCCCTGAAGAACTGCAGTGAAG
 ,Intron 5-6,2,29383731,29328482,,,55250,gtatctgaatctggctttcccacgc..........ggttgtgtgtctgtgtgctctccag
6,ENSE00001255673,2,29328481,29328350,1,1,132,GAACATCCCCAGGCTCCAAGATGGCCCTGCAGAGCTCCTTCACTTGTTGGAATGGGACAGTCCTCCAGCTTGGGCAGGCCTGTGACTTCCACCAGGACTGTGCCCAGGGAGAAGATGAGAGCCAGATGTGCC
 ,Intron 6-7,2,29328349,29320883,,,7467,gtgagtagatggggctgccccaccc..........tggtgcctctctgctctctccatag
7,ENSE00001255668,2,29320882,29320751,1,1,132,GGAAACTGCCTGTGGGTTTTTACTGCAACTTTGAAGATGGCTTCTGTGGCTGGACCCAAGGCACACTGTCACCCCACACTCCTCAATGGCAGGTCAGGACCCTAAAGGATGCCCGGTTCCAGGACCACCAAG
 ,Intron 7-8,2,29320750,29318405,,,2346,gtactactgctctcctgccttctct..........ttgtgattcttttcctctctcctag
8,ENSE00003584441,2,29318404,29318304,1,0,101,ACCATGCTCTATTGCTCAGTACCACTGATGTCCCCGCTTCTGAAAGTGCTACAGTGACCAGTGCTACGTTTCCTGCACCGATCAAGAGCTCTCCATGTGAG
 ,Intron 8-9,2,29318303,29297058,,,21246,gcaagtctccttgtttctctagttc..........cctctgactcttctcgccctcacag
9,ENSE00003638382,2,29297057,29296888,0,2,170,CTCCGAATGTCCTGGCTCATTCGTGGAGTCTTGAGGGGAAACGTGTCCTTGGTGCTAGTGGAGAACAAAACCGGGAAGGAGCAAGGCAGGATGGTCTGGCATGTCGCCGCCTATGAAGGCTTGAGCCTGTGGCAGTGGATGGTGTTGCCTCTCCTCGATGTGTCTGACAG
 ,Intron 9-10,2,29296887,29275497,,,21391,gtaggctctatgcatctcccccaat..........cacacattcctcttgatgtgtacag
10,ENSE00001255635,2,29275496,29275402,2,1,95,GTTCTGGCTGCAGATGGTCGCATGGTGGGGACAAGGATCCAGAGCCATCGTGGCTTTTGACAATATCTCCATCAGCCTGGACTGCTACCTCACCA
 ,Intron 10-11,2,29275401,29275228,,,174,gtgagttcactctgaccccagcact..........gcccgtggggtcttctctattgcag
11,ENSE00001255625,2,29275227,29275099,1,1,129,TTAGCGGAGAGGACAAGATCCTGCAGAATACAGCACCCAAATCAAGAAACCTGTTTGAGAGAAACCCAAACAAGGAGCTGAAACCCGGGGAAAATTCACCAAGACAGACCCCCATCTTTGACCCTACAG
 ,Intron 11-12,2,29275098,29251268,,,23831,gtaagggttcagctcacaaatgtga..........gactgcctctcctcttgtgccacag
12,ENSE00001329399,2,29251267,29251105,1,2,163,TTCATTGGCTGTTCACCACATGTGGGGCCAGCGGGCCCCATGGCCCCACCCAGGCACAGTGCAACAACGCCTACCAGAACTCCAACCTGAGCGTGGAGGTGGGGAGCGAGGGCCCCCTGAAAGGCATCCAGATCTGGAAGGTGCCAGCCACCGACACCTACAG
 ,Intron 12-13,2,29251104,29239831,,,11274,gtgcgtatggaagagggggagggga..........gccaacgttctttgtcccattgcag
13,ENSE00001154433,2,29239830,29239680,2,0,151,CATCTCGGGCTACGGAGCTGCTGGCGGGAAAGGCGGGAAGAACACCATGATGCGGTCCCACGGCGTGTCTGTGCTGGGCATCTTCAACCTGGAGAAGGATGACATGCTGTACATCCTGGTTGGGCAGCAGGGAGAGGACGCCTGCCCCAGT
 ,Intron 13-14,2,29239679,29233697,,,5983,gtaagtgcccagagcaggggtttct..........cctaacgtgctttttgtttctacag
14,ENSE00001154428,2,29233696,29233565,0,0,132,ACAAACCAGTTAATCCAGAAAGTCTGCATTGGAGAGAACAATGTGATAGAAGAAGAAATCCGTGTGAACAGAAGCGTGCATGAGTGGGCAGGAGGCGGAGGAGGAGGGGGTGGAGCCACCTACGTATTTAAG
 ,Intron 14-15,2,29233564,29232449,,,1116,gtatggtgtgtgctgccagatttcc..........atgtctgaatgtctcccctggtcag
15,ENSE00001154426,2,29232448,29232304,0,1,145,ATGAAGGATGGAGTGCCGGTGCCCCTGATCATTGCAGCCGGAGGTGGTGGCAGGGCCTACGGGGCCAAGACAGACACGTTCCACCCAGAGAGACTGGAGAATAACTCCTCGGTTCTAGGGCTAAACGGCAATTCCGGAGCCGCAG
 ,Intron 15-16,2,29232303,29229067,,,3237,gtaaagcgctgcaagcgtgccctct..........gcaggttccctatctcttcccgcag
16,ENSE00001255591,2,29229066,29228884,1,1,183,GTGGTGGAGGTGGCTGGAATGATAACACTTCCTTGCTCTGGGCCGGAAAATCTTTGCAGGAGGGTGCCACCGGAGGACATTCCTGCCCCCAGGCCATGAAGAAGTGGGGGTGGGAGACAAGAGGGGGTTTCGGAGGGGGTGGAGGGGGGTGCTCCTCAGGTGGAGGAGGCGGAGGATATATAG
 ,Intron 16-17,2,29228883,29227673,,,1211,gtaaagatgattcgtgttcaaggtg..........aactctgctctggtttgctactcag
17,ENSE00001154420,2,29227672,29227574,1,1,99,GCGGCAATGCAGCCTCAAACAATGACCCCGAAATGGATGGGGAAGATGGGGTTTCCTTCATCAGTCCACTGGGCATCCTGTACACCCCAGCTTTAAAAG
 ,Intron 17-18,2,29227573,29227075,,,499,gtagcttctctgccaggcagcagaa..........actgaccctccctccttgtcactag
18,ENSE00001154417,2,29227074,29226922,1,1,153,TGATGGAAGGCCACGGGGAAGTGAATATTAAGCATTATCTAAACTGCAGTCACTGTGAGGTAGACGAATGTCACATGGACCCTGAAAGCCACAAGGTCATCTGCTTCTGTGACCACGGGACGGTGCTGGCTGAGGATGGCGTCTCCTGCATTG
 ,Intron 18-19,2,29226921,29225566,,,1356,gtaagggggcagggccaggggaggc..........taccccagtgggacctgtcttccag
19,ENSE00001154411,2,29225565,29225461,1,1,105,TGTCACCCACCCCGGAGCCACACCTGCCACTCTCGCTGATCCTCTCTGTGGTGACCTCTGCCCTCGTGGCCGCCCTGGTCCTGGCTTTCTCCGGCATCATGATTG
 ,Intron 19-20,2,29225460,29223529,,,1932,gtgagtgcacagagccccagggact..........gttgcagctgaccacccacctgcag
20,ENSE00001154407,2,29223528,29223342,1,2,187,TGTACCGCCGGAAGCACCAGGAGCTGCAAGCCATGCAGATGGAGCTGCAGAGCCCTGAGTACAAGCTGAGCAAGCTCCGCACCTCGACCATCATGACCGACTACAACCCCAACTACTGCTTTGCTGGCAAGACCTCCTCCATCAGTGACCTGAAGGAGGTGCCGCGGAAAAACATCACCCTCATTCG
 ,Intron 20-21,2,29223341,29222608,,,734,gtgagcgccctgctgccgtcctggg..........tcctcttgtcttctcctttgcacag
21,ENSE00001154403,2,29222607,29222517,2,0,91,GGGTCTGGGCCATGGCGCCTTTGGGGAGGTGTATGAAGGCCAGGTGTCCGGAATGCCCAACGACCCAAGCCCCCTGCAAGTGGCTGTGAAG
 ,Intron 21-22,2,29222516,29222409,,,108,gtaagaagtggctcactcttgagcc..........ccccaccctccccttctctgcccag
22,ENSE00001154399,2,29222408,29222344,0,2,65,ACGCTGCCTGAAGTGTGCTCTGAACAGGACGAACTGGATTTCCTCATGGAAGCCCTGATCATCAG
 ,Intron 22-23,2,29222343,29220836,,,1508,gtaaagccacagagagacaccctca..........ggttacatccctctctgctctgcag
23,ENSE00001154395,2,29220835,29220706,2,0,130,CAAATTCAACCACCAGAACATTGTTCGCTGCATTGGGGTGAGCCTGCAATCCCTGCCCCGGTTCATCCTGCTGGAGCTCATGGCGGGGGGAGACCTCAAGTCCTTCCTCCGAGAGACCCGCCCTCGCCCG
 ,Intron 23-24,2,29220705,29214082,,,6624,gtgagtgagaaccagtctttgctgc..........gtggcccgcttctgtctccccacag
24,ENSE00001154390,2,29214081,29213984,0,2,98,AGCCAGCCCTCCTCCCTGGCCATGCTGGACCTTCTGCACGTGGCTCGGGACATTGCCTGTGGCTGTCAGTATTTGGAGGAAAACCACTTCATCCACCG
 ,Intron 24-25,2,29213983,29209879,,,4105,gtgagtcaaagtgactgtgctcttc..........ggaaatgcatttcctttcttcccag
25,ENSE00001154381,2,29209878,29209786,2,2,93,AGACATTGCTGCCAGAAACTGCCTCTTGACCTGTCCAGGCCCTGGAAGAGTGGCCAAGATTGGAGACTTCGGGATGGCCCGAGACATCTACAG
 ,Intron 25-26,2,29209785,29207273,,,2513,gtgagtaaagactgcctcacccctc..........ttggttttcctctccttccccacag
26,ENSE00001682043,2,29207272,29207171,2,2,102,GGCGAGCTACTATAGAAAGGGAGGCTGTGCCATGCTGCCAGTTAAGTGGATGCCCCCAGAGGCCTTCATGGAAGGAATATTCACTTCTAAAACAGACACATG
 ,Intron 26-27,2,29207170,29197677,,,9494,gtaagtcagccatcatcctccaggt..........tccatgtcctctgtcccatgcccag
27,ENSE00001154367,2,29197676,29197542,2,2,135,GTCCTTTGGAGTGCTGCTATGGGAAATCTTTTCTCTTGGATATATGCCATACCCCAGCAAAAGCAACCAGGAAGTTCTGGAGTTTGTCACCAGTGGAGGCCGGATGGACCCACCCAAGAACTGCCCTGGGCCTGT
 ,Intron 27-28,2,29197541,29196861,,,681,gtatgactcttttaggaacacttct..........ttaattaatgtgcttcttcttttag
28,ENSE00001154361,2,29196860,29196770,2,0,91,ATACCGGATAATGACTCAGTGCTGGCAACATCAGCCTGAAGACAGGCCCAACTTTGCCATCATTTTGGAGAGGATTGAATACTGCACCCAG
 ,Intron 28-29,2,29196769,29193923,,,2847,gtaaaacattttctccctttggtca..........gttttaataatttcccctacggcag
29,ENSE00001140354,2,29193922,29192774,0,-,1149,GACCCGGATGTAATCAACACCGCTTTGCCGATAGAATATGGTCCACTTGTGGAAGAGGAAGAGAAAGTGCCTGTGAGGCCCAAGGACCCTGAGGGGGTTCCTCCTCTCCTGGTCTCTCAACAGGCAAAACGGGAGGAGGAGCGCAGCCCAGCTGCCCCACCACCTCTGCCTACCACCTCCTCTGGCAAGGCTGCAAAGAAACCCACAGCTGCAGAGATCTCTGTTCGAGTCCCTAGAGGGCCGGCCGTGGAAGGGGGACACGTGAATATGGCATTCTCTCAGTCCAACCCTCCTTCGGAGTTGCACAAGGTCCACGGATCCAGAAACAAGCCCACCAGCTTGTGGAACCCAACGTACGGCTCCTGGTTTACAGAGAAACCCACCAAAAAGAATAATCCTATAGCAAAGAAGGAGCCACACGACAGGGGTAACCTGGGGCTGGAGGGAAGCTGTACTGTCCCACCTAACGTTGCAACTGGGAGACTTCCGGGGGCCTCACTGCTCCTAGAGCCCTCTTCGCTGACTGCCAATATGAAGGAGGTACCTCTGTTCAGGCTACGTCACTTCCCTTGTGGGAATGTCAATTACGGCTACCAGCAACAGGGCTTGCCCTTAGAAGCCGCTACTGCCCCTGGAGCTGGTCATTACGAGGATACCATTCTGAAAAGCAAGAATAGCATGAACCAGCCTGGGCCCTGAGCTCGGTCGCACACTCACTTCTCTTCCTTGGGATCCCTAAGACCGTGGAGGAGAGAGAGGCAATGGCTCCTTCACAAACCAGAGACCAAATGTCACGTTTTGTTTTGTGCCAACCTATTTTGAAGTACCACCAAAAAAGCTGTATTTTGAAAATGCTTTAGAAAGGTTTTGAGCATGGGTTCATCCTATTCTTTCGAAAGAAGAAAATATCATAAAAATGAGTGATAAATACAAGGCCCAGATGTGGTTGCATAAGGTTTTTATGCATGTTTGTTGTATACTTCCTTATGCTTCTTTCAAATTGTGTGTGCTCTGCTTCAATGTAGTCAGAATTAGCTGCTTCTATGTTTCATAGTTGGGGTCATAGATGTTTCCTTGCCTTGTTGATGTGGACATGAGCCATTTGAGGGGAGAGGGAACGGAAATAAAGGAGTTATTTGTAATGACTAA
,3' downstream sequence,2,,,,,,gcatggggaaagacattctttacttgaaaaagaaaaaatcatagacaact..........