No.,Exon / Intron,Chrom,Start,End,Start Phase,End Phase,Length,Sequence
,5' upstream sequence,22,,,,,,..........ccgtcatccgcgccgcggccacctccccccggccctccccttcctgcggc
1,ENSE00001897802,22,23180509,23182239,-,1,1731,GCAGAGTGCGGGCCGGGCGGGAGTGCGGCGAGAGCCGGCTGGCTGAGCTTAGCGTCCGAGGAGGCGGCGGCGGCGGCGGCGGCACGGCGGCGGCGGGGCTGTGGGGCGGTGCGGAAGCGAGAGGCGAGGAGCGCGCGGGCCGTGGCCAGAGTCTGGCGGCGGCCTGGCGGAGCGGAGAGCAGCGCCCGCGCCTCGCCGTGCGGAGGAGCCCCGCACACAATAGCGGCGCGCGCAGCCCGCGCCCTTCCCCCCGGCGCGCCCCGCCCCGCGCGCCGAGCGCCCCGCTCCGCCTCACCTGCCACCAGGGAGTGGGCGGGCATTGTTCGCCGCCGCCGCCGCCGCGCGGGCCATGGGGGCCGCCCGGCGCCCGGGGCCGGGCTGGCGAGGCGCCGCGCCGCCGCTGAGACGGGCCCCGCGCGCAGCCCGGCGGCGCAGGTAAGGCCGGCCGCGCCATGGTGGACCCGGTGGGCTTCGCGGAGGCGTGGAAGGCGCAGTTCCCGGACTCAGAGCCCCCGCGCATGGAGCTGCGCTCAGTGGGCGACATCGAGCAGGAGCTGGAGCGCTGCAAGGCCTCCATTCGGCGCCTGGAGCAGGAGGTGAACCAGGAGCGCTTCCGCATGATCTACCTGCAGACGTTGCTGGCCAAGGAAAAGAAGAGCTATGACCGGCAGCGATGGGGCTTCCGGCGCGCGGCGCAGGCCCCCGACGGCGCCTCCGAGCCCCGAGCGTCCGCGTCGCGCCCGCAGCCAGCGCCCGCCGACGGAGCCGACCCGCCGCCCGCCGAGGAGCCCGAGGCCCGGCCCGACGGCGAGGGTTCTCCGGGTAAGGCCAGGCCCGGGACCGCCCGCAGGCCCGGGGCAGCCGCGTCGGGGGAACGGGACGACCGGGGACCCCCCGCCAGCGTGGCGGCGCTCAGGTCCAACTTCGAGCGGATCCGCAAGGGCCATGGCCAGCCCGGGGCGGACGCCGAGAAGCCCTTCTACGTGAACGTCGAGTTTCACCACGAGCGCGGCCTGGTGAAGGTCAACGACAAAGAGGTGTCGGACCGCATCAGCTCCCTGGGCAGCCAGGCCATGCAGATGGAGCGCAAAAAGTCCCAGCACGGCGCGGGCTCGAGCGTGGGGGATGCATCCAGGCCCCCTTACCGGGGACGCTCCTCGGAGAGCAGCTGCGGCGTCGACGGCGACTACGAGGACGCCGAGTTGAACCCCCGCTTCCTGAAGGACAACCTGATCGACGCCAATGGCGGTAGCAGGCCCCCTTGGCCGCCCCTGGAGTACCAGCCCTACCAGAGCATCTACGTCGGGGGCATGATGGAAGGGGAGGGCAAGGGCCCGCTCCTGCGCAGCCAGAGCACCTCTGAGCAGGAGAAGCGCCTTACCTGGCCCCGCAGGTCCTACTCCCCCCGGAGTTTTGAGGATTGCGGAGGCGGCTATACCCCGGACTGCAGCTCCAATGAGAACCTCACCTCCAGCGAGGAGGACTTCTCCTCTGGCCAGTCCAGCCGCGTGTCCCCAAGCCCCACCACCTACCGCATGTTCCGGGACAAAAGCCGCTCTCCCTCGCAGAACTCGCAACAGTCCTTCGACAGCAGCAGTCCCCCCACGCCGCAGTGCCATAAGCGGCACCGGCACTGCCCGGTTGTCGTGTCCGAGGCCACCATCGTGGGCGTCCGCAAGACCGGGCAGATCTGGCCCAACGATGGCGAGGGCGCCTTCCATGGAGACGCAG
 ,Intron 1-2,22,23182240,23253798,,,71559,gtgagttcctcacgccacgtgcgtg..........acaggatgcttctttgcacacacag
2,ENSE00003561884,22,23253799,23253980,1,0,182,ATGGCTCGTTCGGAACACCACCTGGATACGGCTGCGCTGCAGACCGGGCAGAGGAGCAGCGCCGGCACCAAGATGGGCTGCCCTACATTGATGACTCGCCCTCCTCATCGCCCCACCTCAGCAGCAAGGGCAGGGGCAGCCGGGATGCGCTGGTCTCGGGAGCCCTGGAGTCCACTAAAGCG
 ,Intron 2-3,22,23253981,23260949,,,6969,gtgagtccccatggtgtacgtgtgg..........tgacttctgtctatttctcctgcag
3,ENSE00003517761,22,23260950,23261054,0,0,105,AGTGAGCTGGACTTGGAAAAGGGCTTGGAGATGAGAAAATGGGTCCTGTCGGGAATCCTGGCTAGCGAGGAGACTTACCTGAGCCACCTGGAGGCACTGCTGCTG
 ,Intron 3-4,22,23261055,23261354,,,300,gtgaggaggatttagggagctgagc..........ctacctcacttgtgccctcttccag
4,ENSE00001658624,22,23261355,23261540,0,0,186,CCCATGAAGCCTTTGAAAGCCGCTGCCACCACCTCTCAGCCGGTGCTGACGAGTCAGCAGATCGAGACCATCTTCTTCAAAGTGCCTGAGCTCTACGAGATCCACAAGGAGTTCTATGATGGGCTCTTCCCCCGCGTGCAGCAGTGGAGCCACCAGCAGCGGGTGGGCGACCTCTTCCAGAAGCTG
 ,Intron 4-5,22,23261541,23268407,,,6867,gtgagtaacccagggccggtgctgg..........ctctctcttccttcctccccctcag
5,ENSE00001154392,22,23268408,23268515,0,0,108,GCCAGCCAGCTGGGTGTGTACCGGGCCTTCGTGGACAACTACGGAGTTGCCATGGAAATGGCTGAGAAGTGCTGTCAGGCCAATGCTCAGTTTGCAGAAATCTCCGAG
 ,Intron 5-6,22,23268516,23271531,,,3016,gtaatgccttgatgccgttcagaca..........tgaacatgcgcttttctctctgcag
6,ENSE00001801315,22,23271532,23271592,0,1,61,AACCTGAGAGCCAGAAGCAACAAAGATGCCAAGGATCCAACGACCAAGAACTCTCTGGAAA
 ,Intron 6-7,22,23271593,23273080,,,1488,gtgagttctgcatgctgaggtctct..........tctcacctcccctctctctccacag
7,ENSE00001689593,22,23273081,23273133,1,0,53,CTCTGCTCTACAAGCCTGTGGACCGTGTGACGAGGAGCACGCTGGTCCTCCAT
 ,Intron 7-8,22,23273134,23273633,,,500,gtaagtcacagcgcccctctggacc..........actcaagtctttcttcctggggcag
8,ENSE00001755753,22,23273634,23273774,0,0,141,GACTTGCTGAAGCACACTCCTGCCAGCCACCCTGACCACCCCTTGCTGCAGGACGCCCTCCGCATCTCACAGAACTTCCTGTCCAGCATCAATGAGGAGATCACACCCCGACGGCAGTCCATGACGGTGAAGAAGGGAGAG
 ,Intron 8-9,22,23273775,23283976,,,10202,gtgagtgtggcaggggatggcttgg..........accccagccttccctgtgcctgcag
9,ENSE00001616269,22,23283977,23284098,0,2,122,CACCGGCAGCTGCTGAAGGACAGCTTCATGGTGGAGCTGGTGGAGGGGGCCCGCAAGCTGCGCCACGTCTTCCTGTTCACCGACCTGCTTCTCTGCACCAAGCTCAAGAAGCAGAGCGGAGG
 ,Intron 9-10,22,23284099,23285032,,,934,gtgagtgacgatgtggcccctgtcc..........aacgttcttctctccccatccccag
10,ENSE00003495342,22,23285033,23285201,2,0,169,CAAAACGCAGCAGTATGACTGCAAATGGTACATTCCGCTCACGGATCTCAGCTTCCAGATGGTGGATGAACTGGAGGCAGTGCCCAACATCCCCCTGGTGCCCGATGAGGAGCTGGACGCTTTGAAGATCAAGATCTCCCAGATCAAGAATGACATCCAGAGAGAGAAG
 ,Intron 10-11,22,23285202,23287158,,,1957,gtgcacaccaggggagcaagggccg..........gtgaggctgtggcatctccccacag
11,ENSE00003484066,22,23287159,23287278,0,0,120,AGGGCGAACAAGGGCAGCAAGGCTACGGAGAGGCTGAAGAAGAAGCTGTCGGAGCAGGAGTCACTGCTGCTGCTTATGTCTCCCAGCATGGCCTTCAGGGTGCACAGCCGCAACGGCAAG
 ,Intron 11-12,22,23287279,23288096,,,818,gtgagcgcctgctgttccggcccct..........ggtgtgttcttcttgcccaccctag
12,ENSE00003610811,22,23288097,23288172,0,1,76,AGTTACACGTTCCTGATCTCCTCTGACTATGAGCGTGCAGAGTGGAGGGAGAACATCCGGGAGCAGCAGAAGAAGT
 ,Intron 12-13,22,23288173,23289516,,,1344,gtgagtatcctctgtcctgagaggg..........gtgcacctcttttccaacctcccag
13,ENSE00001654687,22,23289517,23289621,1,1,105,GTTTCAGAAGCTTCTCCCTGACATCCGTGGAGCTGCAGATGCTGACCAACTCGTGTGTGAAACTCCAGACTGTCCACAGCATTCCGCTGACCATCAATAAGGAAG
 ,Intron 13-14,22,23289622,23290338,,,717,gtgggcccccccgtttccgtgtaca..........ctgacctctttgatctcttgcgcag
14,ENSE00001781765,22,23290339,23290413,1,1,75,ATGATGAGTCTCCGGGGCTCTATGGGTTTCTGAATGTCATCGTCCACTCAGCCACTGGATTTAAGCAGAGTTCAA
 ,Intron 14-15,22,23290414,23292540,,,2127,gtaagtactggtttggggaggaggg..........tctccatgtccacttctccccacag
15,ENSE00003524316,22,23292541,23292638,1,0,98,ATCTGTACTGCACCCTGGAGGTGGATTCCTTTGGGTATTTTGTGAATAAAGCAAAGACGCGCGTCTACAGGGACACAGCTGAGCCAAACTGGAACGAG
 ,Intron 15-16,22,23292639,23295023,,,2385,gtgaggaactgattccacaagggcc..........cttcccttctcccttggggctgcag
16,ENSE00003496602,22,23295024,23295155,0,0,132,GAATTTGAGATAGAGCTGGAGGGCTCCCAGACCCTGAGGATACTGTGCTATGAAAAGTGTTACAACAAGACGAAGATCCCCAAGGAGGACGGCGAGAGCACGGACAGACTCATGGGGAAGGGCCAGGTCCAG
 ,Intron 16-17,22,23295156,23309423,,,14268,gtgaggcagccatccctaccctccc..........gccaatcatgactccttcctttcag
17,ENSE00003648666,22,23309424,23309483,0,0,60,CTGGACCCGCAGGCCCTGCAGGACAGAGACTGGCAGCGCACCGTCATCGCCATGAATGGG
 ,Intron 17-18,22,23309484,23310323,,,840,gtacgtgtccgtgggactctcctgg..........actgtgccccttctccctactgtag
18,ENSE00003599139,22,23310324,23310433,0,2,110,ATCGAAGTAAAGCTCTCGGTCAAGTTCAACAGCAGGGAGTTCAGCTTGAAGAGGATGCCGTCCCGAAAACAGACAGGGGTCTTCGGAGTCAAGATTGCTGTGGTCACCAA
 ,Intron 18-19,22,23310434,23311696,,,1263,gtgagtggggaggggcttgggctca..........ctgagaacattccctcctcccgcag
19,ENSE00003540236,22,23311697,23311836,2,1,140,GAGAGAGAGGTCCAAGGTGCCCTACATCGTGCGCCAGTGCGTGGAGGAGATCGAGCGCCGAGGCATGGAGGAGGTGGGCATCTACCGCGTGTCCGGTGTGGCCACGGACATCCAGGCACTGAAGGCAGCCTTCGACGTCA
 ,Intron 19-20,22,23311837,23312886,,,1050,gtgagtgttggcctgcgcaggacgg..........cgctgcatttccgtgctctttccag
20,ENSE00003562142,22,23312887,23313021,1,1,135,ATAACAAGGACGTGTCGGTGATGATGAGCGAGATGGACGTGAACGCCATCGCAGGCACGCTGAAGCTGTACTTCCGTGAGCTGCCCGAGCCCCTCTTCACTGACGAGTTCTACCCCAACTTCGCAGAGGGCATCG
 ,Intron 20-21,22,23313022,23313967,,,946,gtgagcactggaggccttggcctca..........aggagtaacccaccgccttctgcag
21,ENSE00003668832,22,23313968,23314073,1,2,106,CTCTTTCAGACCCGGTTGCAAAGGAGAGCTGCATGCTCAACCTGCTGCTGTCCCTGCCGGAGGCCAACCTGCTCACCTTCCTTTTCCTTCTGGACCACCTGAAAAG
 ,Intron 21-22,22,23314074,23314551,,,478,gtagcccagctctcccatggcagcc..........cacccgctgctttggtcctctacag
22,ENSE00003500461,22,23314552,23314714,2,0,163,GGTGGCAGAGAAGGAGGCAGTCAATAAGATGTCCCTGCACAACCTCGCCACGGTCTTTGGCCCCACGCTGCTCCGGCCCTCCGAGAAGGAGAGCAAGCTCCCTGCCAACCCCAGCCAGCCTATCACCATGACTGACAGCTGGTCCTTGGAGGTCATGTCCCAG
 ,Intron 22-23,22,23314715,23315432,,,718,gtatgggaagacaggctccagccca..........tctcttccctactctgcccgggcag
23,ENSE00001753733,22,23315433,23318037,0,-,2605,GTCCAGGTGCTGCTGTACTTCCTGCAGCTGGAGGCCATCCCTGCCCCGGACAGCAAGAGACAGAGCATCCTGTTCTCCACCGAAGTCTAAAGGTCCCAGTCCATCTCCTGGAGGCGGACAGATGGCCTGGAAACCTCTGGCTAATCGGGCCATCCGTAGAGCGGGAACCTTCCTGAGGTGTCCTTGGGCCACCCCCAAGTGTTGGGCCATCTGCCAAGAGACAGCGACCCAAAGCCGAAGGACAGGTGGCCTGGAAAGATCCCGCCCAGGTCTGGGAGCCCCAGGCTGGCCTCAGACTGTGGTTTTTTATGTGGCCACCTGAGGGCGCCCCAAGCCAGTTCATCTCGGAGTCCAGGCCTGGCCCTGGGAGACAGGGTGAAGGGAGTGGTTTTTATGAACTTAACTTAGAGTCTAAAAGATTTCTACTGGATCACTTGTCAAGATGCGCCCTCTCTGGGGAGAAGGGAACGTGACTGGATTCCCTCACTGTTGTATCTTGAATAAACGCTGCTGCTTCATCCTGTGGGGGCCGTGGCCCTGTCCCTGTGTGGGTGGGGCCTCTTCCATTTCCCTGACTTAGAAACCACACTCCACTTCTAACAGGGTTTGAGAGGCTTAGTCAGCACTGGGTAGCGTTTTGACTCCATTCTTGGCTTTCTTTTTCTTTCCAGAAGGATTTTTGTGCAGAAATGGGTCTTTTGTTGCCATGTTAGTCCTCCTTGGAAGGCAGCTCAGAAGGCCTGTGAAATGTCAGGGGACAGGACCCCCAGGGAGGGAACCCCAGGCTACGCACTTTAGGGTTCGTTCTCCAGGGAGAGCGACCTCGTCCCCCGATCCTGACCGCCCTTCCGGCCCACGCTCTCCTGTTTGGCTTCCACAGGCCTGGACTTCTCTGGCTTCTCTGCCCACACACTCCCTGCCCCCAGTGTCCCTGCCCCTGCCCCAGCACAGGTGACTTCATTTCTGTCCTCTCAGCTCAGTGGACTCGCTCAACTTTTGTATAAGTCTCCACTTGGTGGCAGCAGCTTGCTGATGACTTGTTTTAAAACTTTCATCCTAAATAACCTTTTGATACTTGAATATTTGTAAGTTTTATACATAGTTTCTAATTTTTTTCCGAACAGATCCAGATACCTAATAAGATGCTGGAATGTAATCCCTGGACAATCCGTGTCCTGGCAGCATTTGGTCTTCCTCTAAGCGCCTGGCTCCGCTGTTCTCAGGAGTGGGTTCTGAAGTCTCTGGAGAACAGGATACGTGGAGGGTTAGGAAGGGGCCAGGCCTAGAGACGGGAGACTCCCTCCCGGAGCAGGTGGAGGCACAGGACCATTCGCTACCCCATCTGCCGACACCTGCGGGGGAGCCCAGGCATTCTTTGTAAACCCTCCTGACCACCTGGCTCAAAGAAAACAGAAGCATGGAGACCGCCAAGTATTTTCAAGAAATAACCCCATGAATATTCCATCACTTTTTTAGAAAGAGGGGCTTGGGGCAGGCAGAGGAGAGAAGGGAGAGCAAACTGAGAGCCAAGTTTCCACACGGTCCTGCAGGAGGAGAGGATGCAGCTGCCCAGAGGGAAGCAGGATCACATTTAAGGAAGTGTGTGGGGTCCCTGGATGACACCAGCACCCAGTGCGGCTCTGTCTGGCACCCGCTCCCAAGGTGGGAGGAGTGGGTGTCCCCTGTGTGTCAGTGGGCAGCTCCTGCTGAACCCGCAGCTCACTAGGGAGCCTGACAGTGGGGCCATGCGCCTGACACTCCTCTCTGCTTGTGGACCTGGCAAGGCAGGGAGCAGAAAACAGCCACTTGAAGGCTTTCTGTCTGCGTCTGTGTGCAGTGTGGATTTAGTTGTGCTTTTTTCTTGCTGGGAGAGCACAGCCACCATTTACAAGCAGTGTCACCGTCGTGGGTGGCGAGGACAGAACAGGAGCCTCTGCTCTCTGTACCTATCTGGGCCCGGTGGGCTCCCTTGTCCTGGCTTCCATCTCTGTCTCAGCGACCATTCAGCCCTGCGCAGGAACACGTGTTGCTTAGAAAAGCCAAATCCAGCCTTGTCTCTGCCTCCTCTGGTCTCATGATGTGCATCTGTTACCTTGAAACTGGAAACCAGTCTATCAATGTCTGTGCCAATTTTTTATTCCCTCCCCAACCTCCTTCCCCATACGACTTTTTATTTATGTAGGATGTGTGCTGTCTAATGATGGGATGACCACACTTTTCCATGTTCTAAAAGTGCTCCTCTCCCGCAGGGTCCCAGGGCTGGTGGTTGCTTTGGGTCTACAGCTACGTCTTACCCACCTCCTGCCTCAACAGCCTGTGTGGTGGCAAAGCCGGTGTGGGGCTGGGGAACGCAGCGTTCTCCAGGAGGGGGACCTGGCTCTCCTTCTGCAATGCAGGCGAAGGCCTAGATGCCAGTGTGACCTCCCACAAGGCGTGGCTTCCAGACTCCCCGGCCGGAAGTGATGCTTTTTTGCCTTGGGCCCTGGGTTTGAAGCAGCCTGGCTTTCTCTTGGTAAGTGGCTGGTGTCTTAGCAGCTGCAATCTGAGCTCAGCCACCTACACACCACCGTGGCCGACACTTTCATTAAAAAGTTTCCTGAGACGA
,3' downstream sequence,22,,,,,,cttgcgtgcatgttgacttcatgatcagcgccgctgggaagaacccctga..........