No.,Exon / Intron,Chrom,Start,End,Start Phase,End Phase,Length,Sequence
,5' upstream sequence,7,,,,,,..........cctccgcccgcggcgccgcccgggccgctcctccccgcgccccccgcgcc
1,ENSE00003828230,7,140924810,140924566,-,0,245,CCCCGCTCCTCCGCCTCCGCCTCCGCCTCCGCCTCCCCCAGCTCTCCGCCTCCCTTCCCCCTCCCCGCCCGACAGCGGCCGCTCGGGCCCCGGCTCTCGGTTATAAGATGGCGGCGCTGAGCGGTGGCGGTGGTGGCGGCGCGGAGCCGGGCCAGGCTCTGTTCAACGGGGACATGGAGCCCGAGGCCGGCGCCGGCGCCGGCGCCGCGGCCTCTTCGGCTGCGGACCCTGCCATTCCGGAGGAG
 ,Intron 1-2,7,140924565,140850213,,,74353,gtgagtgctggcgccaccctgccgc..........taaattcttttgaaatattttttag
2,ENSE00003603715,7,140850212,140850111,0,0,102,GTGTGGAATATCAAACAAATGATTAAGTTGACACAGGAACATATAGAGGCCCTATTGGACAAATTTGGTGGGGAGCATAATCCACCATCAATATATCTGGAG
 ,Intron 2-3,7,140850110,140834873,,,15238,gtaagcttttgagtatcatatctag..........aatataagtctgctttattttatag
3,ENSE00001035295,7,140834872,140834609,0,0,264,GCCTATGAAGAATACACCAGCAAGCTAGATGCACTCCAACAAAGAGAACAACAGTTATTGGAATCTCTGGGGAACGGAACTGATTTTTCTGTTTCTAGCTCTGCATCAATGGATACCGTTACATCTTCTTCCTCTTCTAGCCTTTCAGTGCTACCTTCATCTCTTTCAGTTTTTCAAAATCCCACAGATGTGGCACGGAGCAACCCCAAGTCACCACAAAAACCTATCGTTAGAGTCTTCCTGCCCAACAAACAGAGGACAGTG
 ,Intron 3-4,7,140834608,140808996,,,25613,gtgagtcagttttaatatcaccatt..........tatcaatatatttatgataccatag
4,ENSE00001034889,7,140808995,140808892,0,2,104,GTACCTGCAAGGTGTGGAGTTACAGTCCGAGACAGTCTAAAGAAAGCACTGATGATGAGAGGTCTAATCCCAGAGTGCTGTGCTGTTTACAGAATTCAGGATGG
 ,Intron 4-5,7,140808891,140808063,,,829,gtatggtttgtatgtgacgtgaaat..........aaaggcttgtgtctacatttttcag
5,ENSE00003603742,7,140808062,140807960,2,0,103,AGAGAAGAAACCAATTGGTTGGGACACTGATATTTCCTGGCTTACTGGAGAAGAATTGCATGTGGAAGTGTTGGAGAATGTTCCACTTACAACACACAACTTT
 ,Intron 5-6,7,140807959,140801561,,,6399,gtatgtatctttacatttttttttg..........atctctgtgattttttactttgcag
6,ENSE00003687908,7,140801560,140801412,0,2,149,GTACGAAAAACGTTTTTCACCTTAGCATTTTGTGACTTTTGTCGAAAGCTGCTTTTCCAGGGTTTCCGCTGTCAAACATGTGGTTATAAATTTCACCAGCGTTGTAGTACAGAAGTTCCACTGATGTGTGTTAATTATGACCAACTTGA
 ,Intron 6-7,7,140801411,140800482,,,930,gtaagtaatccaaaaatatctcttt..........aggtttgttttgttttgcctcacag
7,ENSE00003487759,7,140800481,140800362,2,2,120,TTTGCTGTTTGTCTCCAAGTTCTTTGAACACCACCCAATACCACAGGAAGAGGCGTCCTTAGCAGAGACTGCCCTAACATCTGGATCATCCCCTTCCGCACCCGCCTCGGACTCTATTGG
 ,Intron 7-8,7,140800361,140794468,,,5894,gtatggtttgacttctgctcttggg..........tcttccaatgacttcatttttccag
8,ENSE00003569635,7,140794467,140794308,2,0,160,GCCCCAAATTCTCACCAGTCCGTCTCCTTCAAAATCCATTCCAATTCCACAGCCCTTCCGACCAGCAGATGAAGATCATCGAAATCAATTTGGGCAACGAGACCGATCCTCATCAGCTCCCAATGTGCATATAAACACAATAGAACCTGTCAATATTGAT
 ,Intron 8-9,7,140794307,140787585,,,6723,gtaagtatccagcattgctagaact..........aatatacattactatttatttgtag
9,ENSE00003680515,7,140787584,140787548,0,1,37,GACTTGATTAGAGACCAAGGATTTCGTGGTGATGGAG
 ,Intron 9-10,7,140787547,140783158,,,4390,gtaagtagtgatttcaggttttttt..........tacatttttcttttcactaatttag
10,ENSE00003685923,7,140783157,140783021,1,0,137,GATCAACCACAGGTTTGTCTGCTACCCCCCCTGCCTCATTACCTGGCTCACTAACTAACGTGAAAGCCTTACAGAAATCTCCAGGACCTCAGCGAGAAAGGAAGTCATCTTCATCCTCAGAAGACAGGAATCGAATG
 ,Intron 10-11,7,140783020,140781694,,,1327,gtaagagtatatgatatcttttttt..........tgacttttttactgtttttatcaag
11,ENSE00003559218,7,140781693,140781576,0,1,118,AAAACACTTGGTAGACGGGACTCGAGTGATGATTGGGAGATTCCTGATGGGCAGATTACAGTGGGACAAAGAATTGGATCTGGATCATTTGGAACAGTCTACAAGGGAAAGTGGCATG
 ,Intron 11-12,7,140781575,140778076,,,3500,gtaagtatgtaatgtggtgacattg..........acttggagtaacaattgccttttag
12,ENSE00003521664,7,140778075,140777991,1,2,85,GTGATGTGGCAGTGAAAATGTTGAATGTGACAGCACCTACACCTCAGCAGTTACAAGCCTTCAAAAATGAAGTAGGAGTACTCAG
 ,Intron 12-13,7,140777990,140777089,,,902,gtgagcttgtgtgaattactctttt..........tttactgtcacatttctttgtacag
13,ENSE00003527888,7,140777088,140776912,2,2,177,GAAAACACGACATGTGAATATCCTACTCTTCATGGGCTATTCCACAAAGCCACAACTGGCTATTGTTACCCAGTGGTGTGAGGGCTCCAGCTTGTATCACCATCTCCATATCATTGAGACCAAATTTGAGATGATCAAACTTATAGATATTGCACGACAGACTGCACAGGGCATGGA
 ,Intron 13-14,7,140776911,140754234,,,22678,gtaagttccattcgttaaatgtctt..........gttaaaatgatgttttgtttttcag
14,ENSE00003649805,7,140754233,140754187,2,1,47,TTACTTACACGCCAAGTCAATCATCCACAGAGACCTCAAGAGTAATA
 ,Intron 14-15,7,140754186,140753394,,,793,gtatccttcctgaaatttgtctgcg..........ttttcctttacttactacacctcag
15,ENSE00003485507,7,140753393,140753275,1,0,119,ATATATTTCTTCATGAAGACCTCACAGTAAAAATAGGTGATTTTGGTCTAGCTACAGTGAAATCTCGATGGAGTGGGTCCCATCAGTTTGAACAGTTGTCTGGATCCATTTTGTGGATG
 ,Intron 15-16,7,140753274,140749419,,,3856,gtaagaattgaggctatttttccac..........tatttttctttgtatgttctaacag
16,ENSE00003587655,7,140749418,140749287,0,0,132,GCACCAGAAGTCATCAGAATGCAAGATAAAAATCCATACAGCTTTCAGTCAGATGTATATGCATTTGGAATTGTTCTGTATGAATTGATGACTGGACAGTTACCTTATTCAAACATCAACAACAGGGACCAG
 ,Intron 16-17,7,140749286,140739947,,,9340,gtaaatatttaccacgtcttggtgt..........atttcccttttttttctctctccag
17,ENSE00003551608,7,140739946,140739812,0,0,135,ATAATTTTTATGGTGGGACGAGGATACCTGTCTCCAGATCTCAGTAAGGTACGGAGTAACTGTCCAAAAGCCATGAAGAGATTAATGGCAGAGTGCCTCAAAAAGAAAAGAGATGAGAGACCACTCTTTCCCCAA
 ,Intron 17-18,7,140739811,140734771,,,5041,gtaagtaaaagcttcatgctatcca..........tttttttttctttttttttttgtag
18,ENSE00001907699,7,140734770,140734617,0,1,154,ATTCTCGCCTCTATTGAGCTGCTGGCCCGCTCATTGCCAAAAATTCACCGCAGTGCATCAGAACCCTCCTTGAATCGGGCTGGTTTCCAAACAGAGGATTTTAGTCTATATGCTTGTGCTTCTCCAAAAACACCCATCCAGGCAGGGGGATATG
 ,Intron 18-19,7,140734616,140726517,,,8100,gtgcgtttcctgtccactgaaacaa..........attagctcttgtcctccctctacag
19,ENSE00001847804,7,140726516,140719327,1,-,7190,GAGAATTTGCAGCCTTCAAGTAGCCACCATCATGGCAGCATCTGCTCTTATTTCTTAAGTCTTGTGTTCGTACAATTTGTTAACATCAAAACACAGTTCTGTTCCTCAAATCTTTTTTTAAAGATACAAAATTTCCAATGCATAAGCTGATGTGGAACAGAATGGAATTTCCCATCCAACAAAAGAGGAAAGAATGTTTTAGGAACCAGAATTCTCTGCTGCCAGTGTTTCTTCAACAAAAATACCACGAGCATACAAGTCTGCCCAGTCCCAGGAAGAAAGAGGAGAGACCCTGAATTCTGACCTTTTGATGGTCAGGCATGATGGAAAGAAACTGCTGCTACAGCTTGGGAGATTTGCTATGGAAAGTCTGCCAGTCAACTTTGCCCTTCTAACCACCAGATCAATTTGTGGCTGATCATCTGATGGGGCAGTTTCAATCACCAAGCATCGTTCTCTTTCCTGTTCTGGAATTTTGTTTTGGAGCTCTTTCCCCTAGTGACCACCAGTTAGTTTCTGAGGGATGGAACAAAAATGCAGCTTGCCCTTTCTATGTGGTGCGTGTTCAGGCCTTGACAGATTTTATCAAAAGGAAACTATTTTATTTAAATGGAGGCTGAGTGGTGAGTAGATGTGTCTTGGTATGGAGGAAAAGGGCATGCTGCATCTTCTTCCTGACCTCCGGGGTCTCTGGCCTTTTGTTTCCTTGCTCACTGAGGGGTCTGTCTAACCAAGCAGGCTAGATAGTGCTGGCACACATTGCCTTCTTTCTCATTGGGTCCAGCAATGAAGATAAGTGTTTGGGTTTTTTTTTTTTCCTCCACAATGTAGCAAATTCTCAGGAAATACAGTTTATATCTTCCTCCTATGCTCTTCCAGTCACCAACTACTTATGCGGCTACTTTGTCCAGGGCACAAAATGCCGTGGCAGTATCTAACTAAACCCCCACAAAACTGCTTAATAACAGTTTTGAATGTGAGAAATTTAGATAATTTAAATATAAGGTACAGGTTTTAATTTCTGAGTTTCTTCTTTTCTATTTTTATTAAAAAGAAAATAATTTTCAGATTTAATTGAATTGGAAAAAAACAATACTTCCCACCAGAATTATATATCCTGAAAATTGTATTTTTGTTATATAAACAACTTTTAAGAAAGATCATTATCCTTTTCTCTACCTAAATATGAGGAGTCTTAGCATAATGACAAATATTTATAATTTTTCAATTAATGGTACTTGCTGGATCCACACTAACATCTTTGCTAATAATCTCATTGTTTCTTCCAACTGATTCCTAACACTATATCCCACATCTTCTTTCTAGTCTTTTATCTAGAATATGCAACCTAAAATAAAAATGGTGGCGTCTCCATTCATTCTCCTTCTTCCTTTTTTCCCAAGCCTGGTCTTCAAAAGGTTGGGCAATTTGGCAGCTGAATTCCCAGACAGAGAATAGAGCAATTTTAGGGATATTAGGACTGAGGGAGGGTGTGGGAAAGCTGTCATCAGTTGTTTTTATAGAAAGAACTGGCATTCATTAAGAACCTAAATCTTATCTTTGCACAAATGGAAAATATAACCTAGTTATAGCTTCCTTTGGCCTTTATTAAAGGGTAATATCAATCACAGTCATAGCAAAGAAAGCGGATGTATTAATGGCAAATTAATGGAAAACCTCCCTTATCAGGAATCTAGACTCAGAATTTAGGAACACAAATCAAATCAGACCAACCAAGCTATAGCCAAGGACTTGAAAGAAATTAAACAAGACCCAGAATAAATCAAGGAATTAGAAATTGTTATTTAAAAATTTCAGATTGTAACTCCAGGCCCTGCTGTCTATATTGCAGCCACTAAAAGCTCACTACCATTAGATTTTTGCTAACATACATGTATTCAGAAGAAAGCCTATTGAAATTTTCATTGTCTTGTAAAAGGTTGTCCTAGTAAAATGGAAAAGATCCTTAAGTTATTAATCAGTTTGAAAAGCAAATTTGTTTTTAAGTTTTACATCAGCAGGGCAGTGTCTTACAAAATTCAGAAATTGCAAAGGTGGAAATAATTCACGCTGATTTGAAGAACATCTTCTGTGCAATAATACTGCCTCTCTTGAAAAGCATTGGCTGTTTTTTCTTTTTAAATATATCTCTAGATGCTTTTAAATGTGGCTGTGTTCCCTTTACCAAGATTGGCTTCAAGTTTCCGCAGGTAGAGAGACCTGGGCTTGAACAAGAGGATGTGTTTCATGTCCTGCTGAGGAGGTAGAACATGTGCAGCCTGGGTCCGGGACTGCCTCCGTGGGGCAGGGGCAGGGGCGGTACCATTAGGGAGGAAGCTTAGCATTTCAGTTTCTTAAACAATATTCAGGGTGATACACTTTTTCTTCCCTTGCATTTTAGAATAGGCTGGTATCTCATTTGAACGGGGGAGCAGACTTGATCTCAAATGAAGCTGTGCCCAGGAGCCAGGCTTAGCATATTGAGATTTTTATAGATACCTTAAAAAATAAAATATTTAAACCTCTCTTTTCTTCCTTTTTCTATGAAATAGGTTTTTTCTCTAGTTTACAAATGACATGAAAATAGGTTTTATTTGTGTTTTATCTGCTTTATTTTTTGATGCTTAGACAACAGTTAGACTTACTGAGCTCCTAAAAAAACGAGGAAGAAGTCCTTATTTGTGAAAAGCACTTTATGAGTAATTGTATAGACAGTATGTGGCTGCGTCACTGATCATCTTGTAAGGGTGTAACAGTCTTGTCTGTAAAGTGGCTGCAGTGCCTTCTGTAGTGTGTTTTATTTTTGGTAGGGAGAGGTGAAGCCTTCTGAAAAATTTGAGAGCAACTACAGAGGATTGTTTGTAACTGTGTAGTATTCCTGATGGACTTTTTTCATCGTTAGAGTCAAGGACCTAGACTTTTGCCACTGAAATAATATTGACCAAAAAAATAGTTTATAAAAGGGATTTGTGAATAGAAAATTCAGTGTGATCATTTGTTGTTAATGTGCACCTTAAAAGAAGATTCTGTCTAGCTGTCAAATTCTGGTTCCCGAATATCTCACCCCTGATTGTATTTGAGATCTAGTAGGGCATACTGGGGCATTTTAGAAGATAAAATCCCATACAAATGATATATGCTATATTTATGTTGGTGTTGGAGAAGAAAGAGCAGTATATAAAGAAATAATTCAAGACTGCAGCACTGTCAACCTGAAACTTTGTAAATATTTCCTAGCTTCTGGTTTGGTGCGGTGACAGCACTTTCATCACAGGATGTTACCTTGTATTCACCAGGCGGAGTGCGAGCTGCTGCACATCCTCCTCAGATCTCACCTGTCCCCACTGTACATCCACCCGCCAGCTGCTTGCAAACCTCATCTCTAGCTTTAGTTCGAAACCACATTGCAGGGTTCAGGTGACCTCTACAAAAAACTACCTCTTCAGAATGAGGTAATGAATAGTTATTTATTTTAAAATATGAAAAGTCAGGAGCTCTAGAACATGACGATGATTTAAGATTTTAACTTTTTTGTGTACTTGTATTTGAGCACTCTCATTTTGTCCTAAAGGGCATTATACATTTAAGCAGTAATACTGTAAAAAAATGTGTTGCTCGGAATATCTGAATGTTGTTGAAAGTGGTGCCAGAACCGGTTTAGGGGTACGTTTCAGAATCTTAACCTTGAGTCAATTGCATGAAATTAAATAGCTGTGGTATCACTTCACTAACAGTGATGTAATTTTAATTTTCAGTAGGCTTGGCATGACAGTACATCCTCATAATGAGTTTGCTGCAGCTTTGTCACATGCACAGGCATTCATAGAAAGACCACCCAGCTAAGAGGGTAGAATGATTACTCTTTTTGCAAGATTCTCTTCTTTGTCCAAGTTGGCATTGTTAGTGCTAGGAATACCAGCACCTTGAGACGAGCAGATTCCAACCATTAGGCTATAAACACCATAGCCAGAGATGGAAGGTTTACTGTGAGTATGAACAGCAAATAGCTTACAGGTCATGAGTTGAAATGGTGTAGGTGAGGCTCTAGAAAAATACCTTGACAATTTGCCAAATGATCTTACTGTGCCTTCATGATGCAATAAAAAAGCTAACATTTTAGCAGAAATCAGTGATTTGTGAAGAGAGCAGCCACTCTGGTTTAACTCAGCTGTGTTAATAATTTTTAGAGTGCAATTTAGACTGCATAGGTAAATGCACTAAAGAGTTTATAGCCAAAATCACATTTAACAATGAGAAAACACACAGGTAAATTTTCAGTGAACAAAATTATTTTTTTAAAGCACATAATCCCTAGTATAGTCAGATATATTTATCACATAGAGCAACTAGGTTGCAAATATAGTTCAGTGACATTTCTAGAGAAACTTTTTCTACTCCCATAGGCTCTTCAAAGCATGGAACTTTTATACAACAGAAATGTTGACAGAAATTGCTGTAGTTTAGGGTTGAAGTACTGTATGATGGGCAGCAATCATGTATTAACTTAGAAGGGGAAATTGAAATATAGGACCGAATTTGGTTTTATCAGTTTCCAGAGTACTGCTGCCAACCTAGACACTGATTTTTCAGAGTTTGAAATGTAAATTTCTTCCCGGGACTTGATTGCACATGAAGCTGGACTGCGTTAGTCATCCTGTCCCAAAGCGCTGTGGGGGCCAGGGTGGAGGTCTCAAGGCATCCTTTATGACCTGGCCATTGGATGTAAAAGAAAACATATTCCATGCTGTGGTTCTTGTATCTTGTTTCATTCCTCACCATTGAAAGAGAAAGTCCATGTATTGTCTCCAGCACATCCTTGAAATGTTATACTGGGATGGATTACTGATGCCCATCGGTAGTTGAGCCCCAGAAGAGGGTAGTAGCATCTCTGCCTCAGGTGATGATTTGTAGCTTGGCCAGAGGAGAGCGGAGTCACCAGTATATCTGTGGTCCATGTTGCTAGCTCTGGTAAAATTAAAAATACTGGTAAGATGTTTGTTTTATTAGTACACTAGACAGTAAGCTCTGTTTTGTTGTTTTCAAATAACCTATTTTCACTTTTGTTTGGGCAAAGACATTTAAATTGAAATTCAATTCTAATTTTTGTTAATTGTGGAAAGGGTAATTAACAGTTCCTATCAGGTATTTTTAATGTGGAAAAGGACAGAAACCCAACTCCTAAAATCTTAAATTAAGGTAACAGTGCTTTAAAAAAAAAAAATGCATGGGGCAATTAGTCGGCAACTCAATGAGTGACTAAAGTACTTTTATTTAACATCCACAACTTCAACTGTTAAGTTTTATTAATTACTAAATCAGCTTTATTAAAATGTTGACATTTATTTAGCTATTTTGAATAATTATAGTGACTTGACGAGTGTGTATGAGGACACAGCCAATGTAAGCCAGTGTATCCATTTTTTAGAGGTGCATTTTTTTTTAAAGAATTCTGTAGATAGAAGTGCTCTGAAAACAACTAAAATATGTTTATTCATGGTAGTATCAAAAAATGTTTGTACAAACCATCTGCTTCTCCCGGCCAGCCGAGTTCATTCTCCAGCACCGTGACCGCTGGTTCTCATGTACAGCACATATGCGGGAGAGTTGGCAGAAAATTTGTGAAGAGATGCCGCAAAGGAAGGGTCTGTTGACGGGTGGGATTGGGGGTTTTGATGAAGTTGCTTAGTCCTGGTTTTGTTTTGAAAATTACTGCGTTGCATTTTTGTGTTAAGTTTTTGAACCCACGTGTGTTTTGGTGGAGTATGAGTTGGAAGTCACTGCAAACTAGCATAAACAACAAAGCTCACAGAGTAGGCACAGATGTAGAGAACAGAGACCAAAATGGGGTGAGGTGGCAGTAAATCTAGGATAGGGAAAAATTAATGTGAGGGTGGGAAATAAACTGTAATTACCTGAAATCAAATGTAAGAGTGCAATAAGTATGCTTTTTATTCTAAGCTGTGAACGGTTTTTTTAAGAATCATTCCTTCCTAATACATTTGTGTATGTTCCATAGCTGATTAAAACCAGCTATATCAACATATAATGCCTTTTTATTCATGTTAATGACCAACGTAAGTGGCTAGCCTTTATGTCTTATTTATCTTCATGTTATGTTAGTTTACATACAGGGGTGTATGTCTCTGTGCTGTCCCCTTCTCCTGCCTTCATTTTAAAATGCATCCATGGGTCCTCCGTGTTTCCTTTGGCCATGCCACATATATAGACTCAGTTTGGCCTTCATGATATCGCCTGATTTTTGAGGACTGTATCACAGTGATATGTATTTGTGGTAATCTCATTTGTTGGTTGTACATCTGATCCTTTCCTCAACATGGCAATTGCTGCCTTTCCTAAGATAGGATCATACAACTGATCAGGGGATTGAATTTGATCATTCATCAACATGTGTCTCTGAATTTTATTCAGTAGTTGTCATTGCTCTTTGGTTTAGACCAAGAAAAAGGAAATCCCCCCTTTTCATGTATTCCTTGGTTTGAGGACATGACTCCTGTAAGGGAGAGGAAAGGGAGATGCTTCCTGTTTGAACTGCAGTGAATTCACGGTTCCTGTTTCACCACTCCAAACCTTATGGCGACTCACACACACATTCCTCTTTTCTGTTACTGCCAAAGGTTCGGGTTTAGTACACTTCAGTTCCACTCAAGCATTGAAAAGGTTCTCGTGGAGTCTGGGGCGTGCCCAGTGAAAAGATGGGGACTTTTTAATTGTCCACAGACCTCTCTATACCTGCTTTGCAAAAATTACAATGGAGTAACTATTTTTAAAGCTTATTTTTCAATTCATAAAAAAGACATTTATTTTCAGTCAAATGGATGATGTCTCCCTCTTTTCCCCTATTCTCAATGTTTGCTTGAATCTTTTATTATTTTTTTTAATTCTCCCCCATACCCACTTCCTGATACTTTGGTTCTCTTTCCTGCTCAGGTCCCTTCATTTGTACTTTGGAGTTTTTCTCATGTAAATTTGTATAACAGAAAATATTGTTCAGTTTGGATAGAAAGCATGGAGAATAAAAAAAGATAGCTGAAATTCAGATTGAAGAAATTTATTTCTGTGTAAAGTTATTTAAAAACTGTATTATATAAAAGGCAAAAAAAGTTCTATGTACTTGATGTGAATATGCGAATACTGCTATAATAAAGATTGACTGCATGGAGAAGTCTTCA
,3' downstream sequence,7,,,,,,tcaagactatttttctaacacgattacattcagtaacaaaagtagtcagc..........