No.,Exon / Intron,Chrom,Start,End,Start Phase,End Phase,Length,Sequence
,5' upstream sequence,1,,,,,,..........cccctggctggctcagcagggcaggctcagccgacagcctcagccagcct
1,ENSE00001193165,1,201112426,201112188,-,2,239,AGTCCCCAAGGCGGGGGCATTGGGGACACAGGGAAGGGAAAGCACTGGGGTGGGGGAGCAGGAGAAAGCCAGATTCCCAGGGAAGCCATGGAGCCATCCTCACCCCAGGATGAAGGCCTGAGGAAGAAACAGCCCAAGAAGCCAGTTCCTGAGATTCTGCCAAGGCCACCCCGGGCCTTGTTCTGCCTGACCCTGGAGAACCCCCTGAGGAAGGCCTGCATCAGCATTGTAGAATGGAA
 ,Intron 1-2,1,201112187,201110270,,,1918,gtatccttcagggcccgggccgtgg..........gggctctccttaaccctggctccag
2,ENSE00000914956,1,201110269,201110164,2,0,106,GCCCTTCGAGACGATCATCTTGCTCACCATCTTTGCCAATTGTGTGGCCCTGGCCGTGTACCTGCCCATGCCGGAAGATGACAACAACTCTCTGAACCTCGGCCTG
 ,Intron 2-3,1,201110163,201094022,,,16142,gtaagattggcccttccatctccct..........gctgtgaccacgtttgctcccacag
3,ENSE00000914952,1,201094021,201093882,0,2,140,GAGAAGCTGGAGTATTTCTTCCTCATTGTCTTCTCGATTGAAGCCGCCATGAAGATCATTGCCTACGGCTTCTTATTCCACCAGGACGCTTACCTGCGCAGTGGCTGGAATGTGCTGGACTTCACCATTGTCTTCCTGGG
 ,Intron 3-4,1,201093881,201092115,,,1767,gtgagagctgggtgtggggagactg..........cctctctccctcttctccattctag
4,ENSE00001274498,1,201092114,201091972,2,1,143,GGTCTTCACCGTGATTCTGGAACAGGTTAACGTCATCCAAAGCCACACAGCCCCAATGAGCAGCAAAGGAGCCGGCTTGGATGTCAAGGCCCTCAGAGCCTTCCGAGTGCTCAGACCCCTCCGGCTGGTGTCGGGGGTGCCTA
 ,Intron 4-5,1,201091971,201091793,,,179,gtgggtggcagtgtccctgcagacc..........ttcccttccctgcctgcctctgcag
5,ENSE00000914934,1,201091792,201091640,1,1,153,GCCTGCAGGTGGTCCTGAACTCCATCTTCAAGGCCATGCTCCCCCTCTTTCACATCGCCCTGCTGGTCCTCTTTATGGTCATCATCTATGCCATCATCGGGCTGGAGCTCTTCAAGGGCAAGATGCACAAGACCTGCTACTTCATTGGTACAG
 ,Intron 5-6,1,201091639,201089464,,,2176,gtgagctcccagggaaagtggggct..........tgttccctttgccttctgcctccag
6,ENSE00000914933,1,201089463,201089258,1,0,206,ATATCGTGGCCACGGTGGAGAATGAAGAGCCATCGCCCTGCGCCAGGACGGGCTCAGGGCGCCGGTGCACCATCAATGGCAGTGAGTGCCGGGGCGGCTGGCCAGGGCCCAACCATGGCATCACCCACTTCGACAACTTCGGCTTCTCCATGCTCACCGTGTACCAGTGCATTACCATGGAGGGATGGACTGACGTCCTTTACTGG
 ,Intron 6-7,1,201089257,201087930,,,1328,gtgggtctgggcccgcgcctgcaga..........aggatcacacttctgtcctgaccag
7,ENSE00000791313,1,201087929,201087826,0,2,104,GTCAATGATGCCATCGGGAATGAGTGGCCCTGGATCTATTTTGTCACCCTCATTTTGCTGGGATCCTTCTTCATCCTCAACCTGGTGCTGGGTGTCCTGAGTGG
 ,Intron 7-8,1,201087825,201085582,,,2244,gtaagaaattcaaaggtagccaggg..........tcctggctcccccatctcatttcag
8,ENSE00000914916,1,201085581,201085436,2,1,146,GGAATTCACCAAGGAGCGGGAGAAGGCCAAGTCCAGGGGAACCTTCCAGAAGCTCCGGGAGAAGCAGCAACTAGATGAGGACCTTCGGGGCTACATGAGCTGGATCACGCAGGGCGAGGTCATGGATGTTGAGGACTTCAGAGAAG
 ,Intron 8-9,1,201085435,201085032,,,404,gtttgggcccaaaggctgtggtcag..........ctgactctttctctcctgtctccag
9,ENSE00000791306,1,201085031,201084950,1,2,82,GAAAACTGTCTTTGGATGAAGGTGGCTCTGACACAGAGAGCCTGTATGAAATTGCAGGCTTGAACAAAATCATCCAGTTCAT
 ,Intron 9-10,1,201084949,201083323,,,1627,gtgagtatctgcccactgccccagg..........gaccatcctctgtcccctccctcag
10,ENSE00000914906,1,201083322,201083162,2,1,161,CCGACATTGGAGGCAGTGGAACCGCATCTTTCGCTGGAAGTGCCATGACATCGTGAAGTCCAAGGTCTTCTATTGGCTGGTGATTCTCATCGTTGCCCTCAACACCCTGTCTATCGCCTCAGAGCACCACAACCAGCCTCTCTGGCTGACCCGTTTGCAAG
 ,Intron 10-11,1,201083161,201078105,,,5057,gtgaggcggaacggagtgaagccgg..........cggggctgtgccaccaaccctacag
11,ENSE00000522534,1,201078104,201077879,1,2,226,ACATTGCCAACCGGGTGCTGCTGTCCCTCTTCACCACTGAGATGCTGATGAAGATGTACGGGCTGGGCCTGCGCCAGTACTTCATGTCTATCTTCAACCGCTTCGACTGCTTCGTGGTGTGTAGCGGTATCCTGGAGATCCTGCTGGTGGAGTCGGGTGCCATGACACCCCTGGGCATCTCCGTGCTCCGCTGCATCCGCCTCCTGAGGATCTTCAAGATCACCAA
 ,Intron 11-12,1,201077878,201077128,,,751,gtgagtgccggggtcggctggcact..........caccttgtgcctcctcttccttcag
12,ENSE00000914887,1,201077127,201076920,2,0,208,ATATTGGACGTCGCTGAGCAACCTGGTGGCATCCCTGCTCAACTCCATCCGCTCCATCGCCTCCCTGCTGCTGCTGCTCTTCCTCTTCATCGTCATCTTCGCCCTCCTGGGCATGCAGCTCTTTGGGGGGAGGTATGACTTTGAAGACACAGAAGTACGGCGCAGCAACTTTGACAACTTTCCCCAAGCCCTCATCAGCGTCTTCCAG
 ,Intron 12-13,1,201076919,201075616,,,1304,gtaggctctccctctgcgtgtccct..........agccctctatcctccctccatacag
13,ENSE00000914881,1,201075615,201075495,0,1,121,GTACTGACAGGGGAAGACTGGACCTCAATGATGTACAATGGGATCATGGCCTACGGCGGGCCGTCCTACCCTGGCATGCTTGTGTGCATTTACTTCATCATCCTTTTCGTCTGTGGCAACT
 ,Intron 13-14,1,201075494,201074621,,,874,gtatcctctcgggagcagggtgcag..........aggctccttagctaaacccgctcag
14,ENSE00000914869,1,201074620,201074506,1,2,115,ACATCCTGCTCAATGTCTTCCTGGCCATTGCCGTGGACAACCTGGCCGAGGCGGAGAGCCTGACTTCTGCCCAGAAGGCCAAGGCTGAGGAGAAAAAACGCAGGAAGATGTCCAA
 ,Intron 14-15,1,201074505,201073643,,,863,gtgagtgcttccttagcaggaaggg..........ttccactttgggttttctaactcag
15,ENSE00000791290,1,201073642,201073549,2,0,94,GGGTCTCCCAGACAAGTCAGAAGAGGAGAAGTCAACGATGGCCAAGAAGCTGGAGCAGAAACCCAAGGGTGAGGGCATCCCCACCACTGCCAAG
 ,Intron 15-16,1,201073548,201072825,,,724,gtgagcacctcaggtggggatgtta..........atagtcattgtgttccttcctacag
16,ENSE00000914856,1,201072824,201072755,0,1,70,CTGAAAATCGATGAGTTTGAATCTAATGTCAATGAGGTGAAGGATCCCTACCCCTCAGCCGACTTCCCAG
 ,Intron 16-17,1,201072754,201070405,,,2350,gtgaggatgctggagactggactgg..........ctaattcctctctctctccccacag
17,ENSE00000914853,1,201070404,201070272,1,2,133,GGGATGACGAGGAAGATGAGCCTGAGATCCCGCTGAGCCCCCGACCACGTCCCCTGGCTGAGCTGCAGCTGAAAGAGAAGGCCGTGCCCATTCCAGAAGCCAGCTCCTTCTTCATCTTCAGCCCCACCAATAA
 ,Intron 17-18,1,201070271,201069602,,,670,gtgggtgccccttggctgctgtggg..........tgccctccctacctcgccccaccag
18,ENSE00001274424,1,201069601,201069472,2,0,130,GATCCGTGTCCTGTGTCACCGCATCGTCAATGCCACCTGGTTTACCAACTTCATCCTGCTCTTCATCCTGCTCAGCAGCGCTGCACTGGCTGCGGAAGACCCCATCCGGGCTGATTCCATGAGAAATCAG
 ,Intron 18-19,1,201069471,201069197,,,275,gtgacgggcttcaccctctctgcca..........gctcccgcccctgccctgtccccag
19,ENSE00000791281,1,201069196,201069137,0,0,60,ATCCTTAAACACTTTGACATCGGGTTCACCTCTGTCTTCACTGTGGAGATTGTCCTCAAG
 ,Intron 19-20,1,201069136,201066994,,,2143,gtgagtgaaggctgtggggcagccc..........caggctgctgcctctttctccccag
20,ENSE00001074049,1,201066993,201066887,0,2,107,ATGACGACCTACGGAGCCTTCCTGCACAAGGGTTCCTTCTGCCGCAATTACTTCAACATGCTGGACCTGCTGGTGGTGGCCGTGTCCCTCATCTCCATGGGACTTGA
 ,Intron 20-21,1,201066886,201066317,,,570,gtgagcagcggcaagggccagccct..........ccccctcaccattgccgccccccag
21,ENSE00001074035,1,201066316,201066229,2,0,88,GTCCAGTGCCATCTCCGTGGTGAAGATCCTGAGGGTGCTGAGGGTGCTCCGACCACTCAGAGCCATCAACAGAGCCAAGGGGTTGAAG
 ,Intron 21-22,1,201066228,201065946,,,283,gtgagagagggcccgggcaggagcc..........tccccattggcccctctgtccccag
22,ENSE00002414648,1,201065945,201065838,0,0,108,CACGTGGTGCAGTGCATGTTCGTGGCCATCAGCACCATCGGGAACATCGTGCTGGTCACTACCCTCCTACAGTTCATGTTTGCCTGCATCGGCGTCCAGCTCTTCAAG
 ,Intron 22-23,1,201065837,201062515,,,3323,gtgagccccagcctgcgcgagcagc..........cctccctccctcttcctggctgcag
23,ENSE00001074042,1,201062514,201062462,0,2,53,GGGAAGTTCTTCAGGTGCACCGACTTGTCCAAGATGACAGAGGAGGAGTGCAG
 ,Intron 23-24,1,201062461,201062091,,,371,gtacatggggcagggagcacagtgg..........gagtgactgggcctccctgccacag
24,ENSE00001074041,1,201062090,201061944,2,2,147,GGGCTACTACTACGTGTACAAGGACGGGGACCCCATGCAGATAGAGCTGCGTCACCGCGAGTGGGTACACAGCGACTTCCACTTCGACAATGTGCTCTCAGCCATGATGTCCCTCTTCACGGTCTCCACCTTCGAGGGATGGCCTCA
 ,Intron 24-25,1,201061943,201061469,,,475,gtgagtgatggctggggcctaggtc..........tcctctcttctctgcccacccccag
25,ENSE00002380573,1,201061468,201061267,2,0,202,GCTGCTGTACAAGGCCATAGACTCCAATGCGGAGGACGTGGGTCCCATCTACAACAACCGTGTGGAGATGGCCATCTTCTTCATCATCTACATCATCCTCATTGCCTTCTTCATGATGAACATCTTTGTGGGCTTCGTCATTGTCACCTTCCAGGAGCAGGGAGAGACTGAGTACAAGAACTGTGAGCTGGACAAGAACCAG
 ,Intron 25-26,1,201061266,201060817,,,450,gtgcctgggctgcctgccagaggtg..........acctgtcctgttgtatgtgtcacag
26,ENSE00000914787,1,201060816,201060658,0,0,159,CGCCAATGTGTACAGTATGCCCTGAAGGCCCGCCCACTGAGGTGCTACATTCCCAAAAACCCATACCAGTACCAGGTGTGGTACATTGTCACCTCCTCCTACTTTGAATACCTGATGTTTGCCCTCATCATGCTCAACACCATCTGCCTCGGCATGCAG
 ,Intron 26-27,1,201060657,201059300,,,1358,gtaagggctccccaggagaaaaatg..........cactgctcctgtgtcccctccacag
27,ENSE00000791241,1,201059299,201059189,0,0,111,CACTACAACCAGTCGGAGCAGATGAACCACATCTCAGACATCCTCAATGTGGCCTTCACTATCATCTTCACCCTGGAGATGATCCTCAAGCTCATGGCCTTCAAGGCCAGG
 ,Intron 27-28,1,201059188,201058492,,,697,gtgagtgtgggggccaccgggccag..........gctttcccatccttttccttcccag
28,ENSE00000522305,1,201058491,201058408,0,0,84,GGCTACTTTGGAGACCCCTGGAATGTGTTTGACTTCCTGATTGTCATTGGCAGCATCATTGATGTCATCCTCAGTGAGATCGAC
 ,Intron 28-29,1,201058407,201054562,,,3846,gtgagtatcaggcaggcagagccat..........ctcccttcgtctcttttctccacag
29,ENSE00000791239,1,201054561,201054505,0,0,57,ACTTTCCTGGCCTCCAGCGGGGGACTGTATTGCCTGGGTGGAGGCTGCGGGAACGTT
 ,Intron 29-30,1,201054504,201053588,,,917,gtaatttcaggctgcacgagcctgc..........gacctctggggctgctgccccgcag
30,ENSE00000914754,1,201053587,201053459,0,0,129,GACCCAGATGAGAGTGCCCGCATCTCCAGCGCCTTCTTCCGCCTGTTCCGTGTCATGAGGCTGATCAAGCTGCTGAGCCGGGCAGAAGGAGTGCGAACCCTCCTGTGGACGTTCATCAAGTCCTTCCAG
 ,Intron 30-31,1,201053458,201053275,,,184,gtgcaacagggaccctggaaactgc..........actggcgctcccgcccgccctgcag
31,ENSE00002405307,1,201053274,201053209,0,0,66,GCCCTACCCTACGTGGCTCTGCTCATCGTCATGCTCTTCTTCATCTACGCTGTCATCGGCATGCAG
 ,Intron 31-32,1,201053208,201052649,,,560,gtgagaggcaggcgggcccaggcca..........agtcagggccctttgtgacttgcag
32,ENSE00001436614,1,201052648,201052557,0,2,92,ATGTTTGGGAAGATCGCCTTGGTGGATGGGACCCAAATAAACCGGAACAACAACTTCCAGACCTTCCCACAAGCTGTGCTACTGCTCTTCAG
 ,Intron 32-33,1,201052556,201051144,,,1413,gcacgcgtctcccgccacccccacc..........gacaggagcctcttctgtcctctag
33,ENSE00000914730,1,201051143,201050984,2,0,160,GTGTGCAACAGGTGAGGCCTGGCAGGAGATCCTACTGGCCTGCAGCTATGGGAAGCTGTGTGACCCAGAGTCGGACTATGCCCCAGGGGAGGAGTACACATGTGGCACCAACTTTGCATACTACTACTTCATCAGCTTCTACATGCTCTGTGCCTTCCTG
 ,Intron 33-34,1,201050983,201050517,,,467,gtgagatgctgagggcctgcggggc..........ggaccccttggttcttctcttgcag
34,ENSE00000522341,1,201050516,201050389,0,2,128,GTCATCAACCTCTTTGTGGCTGTCATCATGGACAATTTTGACTACCTCACCCGGGACTGGTCCATCCTGGGCCCTCATCACCTGGATGAGTTCAAGGCCATCTGGGCAGAGTATGACCCAGAGGCTAA
 ,Intron 34-35,1,201050388,201049100,,,1289,gtgagtccaatctgtaggctctgtg..........cacaagtctgtgtgtcctcccgcag
35,ENSE00001724912,1,201049099,201049003,2,0,97,GGGGAGAATCAAACACCTGGACGTGGTGACCCTGCTGAGAAGGATTCAGCCCCCTCTGGGCTTTGGGAAGTTCTGCCCACATCGGGTAGCTTGTAAG
 ,Intron 35-36,1,201049002,201048685,,,318,gtaaccagagctgccagggatgggt..........caggccactgcgtctccctgtacag
36,ENSE00001667889,1,201048684,201048582,0,1,103,CGGCTGGTGGGCATGAACATGCCCCTGAACAGCGACGGCACAGTCACCTTCAATGCCACACTCTTTGCCCTGGTCCGCACGGCACTCAAGATCAAGACGGAAG
 ,Intron 36-37,1,201048581,201047627,,,955,gtgagagtgccttccaatgtgagcc..........aacttttgcctttctcctgctccag
37,ENSE00001772983,1,201047626,201047525,1,1,102,GTAACTTTGAGCAGGCCAACGAGGAGCTGAGGGCCATCATCAAGAAGATCTGGAAGAGAACCAGCATGAAGCTCTTGGACCAGGTCATCCCTCCAATAGGAG
 ,Intron 37-38,1,201047524,201047240,,,285,gtaggtgctactttgggggaccaga..........gcatctcttgttggctcctctgcag
38,ENSE00000914688,1,201047239,201047115,1,0,125,ATGATGAGGTGACAGTGGGGAAGTTCTACGCCACATTCCTCATCCAGGAGCACTTCCGGAAGTTCATGAAACGCCAAGAGGAGTATTATGGCTATCGGCCCAAGAAGGACATTGTACAGATCCAG
 ,Intron 38-39,1,201047114,201044457,,,2658,gtaagcccaatccaggtatgttcca..........aactgagtcccttcgtcatccccag
39,ENSE00000791228,1,201044456,201044328,0,0,129,GCAGGGCTGCGGACCATTGAGGAAGAGGCAGCCCCCGAGATCTGTCGCACGGTCTCAGGAGACCTGGCTGCTGAGGAGGAGCTGGAGAGAGCCATGGTGGAGGCTGCGATGGAGGAGGGAATATTCCGG
 ,Intron 39-40,1,201044327,201043532,,,796,gtgagggagagccaggagcacccct..........tcactgctcttctccttgcccctag
40,ENSE00000914678,1,201043531,201043281,0,2,251,AGGACTGGAGGCCTGTTTGGCCAGGTGGACAACTTCCTGGAAAGGACCAACTCCCTGCCCCCCGTCATGGCCAATCAGAGACCCCTCCAGTTTGCTGAGATAGAGATGGAAGAGATGGAGTCACCTGTCTTCTTGGAGGACTTCCCACAAGATCCACGCACCAACCCCCTGGCTCGTGCCAATACCAACAATGCCAACGCCAATGTCGCCTATGGCAACAGCAACCATAGCAACAGCCATGTGTTTTCCAG
 ,Intron 40-41,1,201043280,201041590,,,1691,gtagtggcggccactgccatccctg..........tcacccagccttgcttccatttcag
41,ENSE00001074012,1,201041589,201041504,2,1,86,TGTCCACTATGAAAGGGAGTTCCCAGAAGAGACAGAGACGCCTGCTACCAGAGGACGAGCCCTTGGCCAACCCTGCAGGGTCCTGG
 ,Intron 41-42,1,201041503,201040714,,,790,gtcagtcccttctgtgcatctaaga..........tatccttgccccttcttgcatacag
42,ENSE00001074038,1,201040713,201040622,1,0,92,GACCCCACAGCAAACCCTGTGTGGAGATGCTGAAGGGACTGCTGACCCAGAGGGCAATGCCCAGAGGCCAGGCACCTCCTGCCCCCTGCCAG
 ,Intron 42-43,1,201040621,201040375,,,247,gtaacagtggcagaggcctgggagc..........ctttgcttttgtacctttggaacag
43,ENSE00000791224,1,201040374,201040231,0,0,144,TGCCCCAGGGTGGAGTCCTCCATGCCTGAGGACAGAAAGAGCTCCACACCAGGGTCTCTTCATGAGGAGACACCCCACAGCAGGAGCACCAGGGAGAATACTTCCAGGTGCTCAGCACCAGCTACAGCCCTGCTGATCCAAAAG
 ,Intron 43-44,1,201040230,201040083,,,148,gtgagccaggggctgggtcacagca..........actcagcctactctcctccctgcag
44,ENSE00003728351,1,201040082,201039512,0,-,571,GCTCTGGTTCGAGGGGGCCTGGGCACCTTGGCAGCTGATGCAAACTTCATCATGGCAACAGGCCAGGCCCTGGCAGATGCCTGCCAAATGGAACCAGAGGAAGTGGAGATCATGGCAACAGAGCTACTGAAAGGACGAGAGGCCCCAGAGGGCATGGCCAGCTCCCTGGGATGCCTGAACCTCGGGTCCTCCCTGGGCAGCCTCGACCAACACCAGGGCTCCCAGGAGACCCTTATTCCTCCAAGGCTGTGATGCCCACACAGCATCAGCATGGGCTTAGAGCTGGCATGACCAATGGGGGTGGGGAAGTTGCTGGGGTGGAGAAGGGCTAGCCCACCGCAGCAGCCTCCCTCCCTCTCAGCAGCTAGATGCATGGCCTGAGGCAGGGTGGTCAGGAACCACCTCAAAAAGTGCGGAGGAAGTAGCTGGACAGGCCCTGCCCCTCACCAGCAAGAGGCATGATTGGATGGAGCTTCTAATGTCATTCAAAAAGGCCTGGTCAGTGCCTGTCTGGCCTAGGGCCACTCCCACCTGCAGGACATTAAAATCTCCAGGCCTGTGACACTGGCAA
,3' downstream sequence,1,,,,,,ctggcctctgcttgtccagttttttggactcttctacacctgtgtttccc..........