No.,Exon / Intron,Chrom,Start,End,Start Phase,End Phase,Length,Sequence
,5' upstream sequence,7,,,,,,..........atgacatcacagcaggtcagagaaaaagggttgagcggcaggcacccaga
1,ENSE00001343851,7,117480025,117480147,-,2,123,GTAGTAGGTCTTTGGCATTAGGAGCTTGAGCCCAGACGGCCCTAGCAGGGACCCCAGCGCCCGAGAGACCATGCAGAGGTCGCCTCTGGAAAAGGCCAGCGTTGTCTCCAAACTTTTTTTCAG
 ,Intron 1-2,7,117480148,117504252,,,24105,gtgagaaggtggccaaccgagcttc..........tctgttcctcctctctttattttag
2,ENSE00003635654,7,117504253,117504363,2,2,111,CTGGACCAGACCAATTTTGAGGAAAGGATACAGACAGCGCCTGGAATTGTCAGACATATACCAAATCCCTTCTGTTGATTCTGCTGACAATCTATCTGAAAAATTGGAAAG
 ,Intron 2-3,7,117504364,117509033,,,4670,gtatgttcatgtacattgtttagtt..........ggtcccactttttattcttttgcag
3,ENSE00003638138,7,117509034,117509142,2,0,109,AGAATGGGATAGAGAGCTGGCTTCAAAGAAAAATCCTAAACTCATTAATGCCCTTCGGCGATGTTTTTTCTGGAGATTTATGTTCTATGGAATCTTTTTATATTTAGGG
 ,Intron 3-4,7,117509143,117530898,,,21756,gtaaggatctcatttgtacattcat..........tttctctgtttttccccttttgtag
4,ENSE00000718611,7,117530899,117531114,0,0,216,GAAGTCACCAAAGCAGTACAGCCTCTCTTACTGGGAAGAATCATAGCTTCCTATGACCCGGATAACAAGGAGGAACGCTCTATCGCGATTTATCTAGGCATAGGCTTATGCCTTCTCTTTATTGTGAGGACACTGCTCCTACACCCAGCCATTTTTGGCCTTCATCACATTGGAATGCAGATGAGAATAGCTATGTTTAGTTTGATTTATAAGAAG
 ,Intron 4-5,7,117531115,117534275,,,3161,gtaatacttccttgcacaggcccca..........atctaactttccatttttcttttag
5,ENSE00000718620,7,117534276,117534365,0,0,90,ACTTTAAAGCTGTCAAGCCGTGTTCTAGATAAAATAAGTATTGGACAACTTGTTAGTCTCCTTTCCAACAACCTGAACAAATTTGATGAA
 ,Intron 5-6,7,117534366,117535247,,,882,gtatgtacctattgatttaatcttt..........tttttgctgtgcttttattttccag
6,ENSE00000718626,7,117535248,117535411,0,2,164,GGACTTGCATTGGCACATTTCGTGTGGATCGCTCCTTTGCAAGTGGCACTCCTCATGGGGCTAATCTGGGAGTTGTTACAGGCGTCTGCCTTCTGTGGACTTGGTTTCCTGATAGTCCTTGCCCTTTTTCAGGCTGGGCTAGGGAGAATGATGATGAAGTACAG
 ,Intron 6-7,7,117535412,117536547,,,1136,gtagcaacctattttcataacttga..........gattgattgattgattgatttacag
7,ENSE00000718630,7,117536548,117536673,2,2,126,AGATCAGAGAGCTGGGAAGATCAGTGAAAGACTTGTGATTACCTCAGAAATGATTGAAAATATCCAATCTGTTAAGGCATACTGCTGGGAAGAAGCAATGGAAAAAATGATTGAAAACTTAAGACA
 ,Intron 7-8,7,117536674,117540099,,,3426,gtaagttgttccaataatttcaata..........attttattgttattgttttttatag
8,ENSE00000718634,7,117540100,117540346,2,0,247,AACAGAACTGAAACTGACTCGGAAGGCAGCCTATGTGAGATACTTCAATAGCTCAGCCTTCTTCTTCTCAGGGTTCTTTGTGGTGTTTTTATCTGTGCTTCCCTATGCACTAATCAAAGGAATCATCCTCCGGAAAATATTCACCACCATCTCATTCTGCATTGTTCTGCGCATGGCGGTCACTCGGCAATTTCCCTGGGCTGTACAAACATGGTATGACTCTCTTGGAGCAATAAACAAAATACAG
 ,Intron 8-9,7,117540347,117542015,,,1669,gtaatgtaccataatgctgcattat..........tgtttttgctctcttttataaatag
9,ENSE00000718637,7,117542016,117542108,0,0,93,GATTTCTTACAAAAGCAAGAATATAAGACATTGGAATATAACTTAACGACTACAGAAGTAGTGATGGAGAATGTAACAGCCTTCTGGGAGGAG
 ,Intron 9-10,7,117542109,117548640,,,6532,gtcagaatttttaaaaaattgtttg..........gtgtgtgtgtgtgtttttttaacag
10,ENSE00001738590,7,117548641,117548823,0,0,183,GGATTTGGGGAATTATTTGAGAAAGCAAAACAAAACAATAACAATAGAAAAACTTCTAATGGTGATGACAGCCTCTTCTTCAGTAATTTCTCACTTCTTGGTACTCCTGTCCTGAAAGATATTAATTTCAAGATAGAAAGAGGACAGTTGTTGGCGGTTGCTGGATCCACTGGAGCAGGCAAG
 ,Intron 10-11,7,117548824,117559463,,,10640,gtagttcttttgttcttcactatta..........taataatgatgggttttatttccag
11,ENSE00000718648,7,117559464,117559655,0,0,192,ACTTCACTTCTAATGGTGATTATGGGAGAACTGGAGCCTTCAGAGGGTAAAATTAAGCACAGTGGAAGAATTTCATTCTGTTCTCAGTTTTCCTGGATTATGCCTGGCACCATTAAAGAAAATATCATCTTTGGTGTTTCCTATGATGAATATAGATACAGAAGCGTCATCAAAGCATGCCAACTAGAAGAG
 ,Intron 11-12,7,117559656,117587738,,,28083,gtaagaaactatgtgaaaacttttt..........tctaattttctatttttggtaatag
12,ENSE00000718654,7,117587739,117587833,0,2,95,GACATCTCCAAGTTTGCAGAGAAAGACAATATAGTTCTTGGAGAAGGTGGAATCACACTGAGTGGAGGTCAACGAGCAAGAATTTCTTTAGCAAG
 ,Intron 12-13,7,117587834,117590352,,,2519,gtgaataactaattattggtctagc..........aatttaatttccattttctttttag
13,ENSE00000718660,7,117590353,117590439,2,2,87,AGCAGTATACAAAGATGCTGATTTGTATTTATTAGACTCTCCTTTTGGATACCTAGATGTTTTAACAGAAAAAGAAATATTTGAAAG
 ,Intron 13-14,7,117590440,117591933,,,1494,gtatgttctttgaataccttactta..........atttatatgtttttatatcttaaag
14,ENSE00000718666,7,117591934,117592657,2,0,724,CTGTGTCTGTAAACTGATGGCTAACAAAACTAGGATTTTGGTCACTTCTAAAATGGAACATTTAAAGAAAGCTGACAAAATATTAATTTTGCATGAAGGTAGCAGCTATTTTTATGGGACATTTTCAGAACTCCAAAATCTACAGCCAGACTTTAGCTCAAAACTCATGGGATGTGATTCTTTCGACCAATTTAGTGCAGAAAGAAGAAATTCAATCCTAACTGAGACCTTACACCGTTTCTCATTAGAAGGAGATGCTCCTGTCTCCTGGACAGAAACAAAAAAACAATCTTTTAAACAGACTGGAGAGTTTGGGGAAAAAAGGAAGAATTCTATTCTCAATCCAATCAACTCTATACGAAAATTTTCCATTGTGCAAAAGACTCCCTTACAAATGAATGGCATCGAAGAGGATTCTGATGAGCCTTTAGAGAGAAGGCTGTCCTTAGTACCAGATTCTGAGCAGGGAGAGGCGATACTGCCTCGCATCAGCGTGATCAGCACTGGCCCCACGCTTCAGGCACGAAGGAGGCAGTCTGTCCTGAACCTGATGACACACTCAGTTAACCAAGGTCAGAACATTCACCGAAAGACAACAGCATCCACACGAAAAGTGTCACTGGCCCCTCAGGCAAACTTGACTGAACTGGATATATATTCAAGAAGGTTATCTCAAGAAACTGGCTTGGAAATAAGTGAAGAAATTAACGAAGAAGACTTAAAG
 ,Intron 14-15,7,117592658,117594929,,,2272,gtaggtatacatcgcttgggggtat..........taatagccataattcttttattcag
15,ENSE00000718674,7,117594930,117595058,0,0,129,GAGTGCTTTTTTGATGATATGGAGAGCATACCAGCAGTGACTACATGGAACACATACCTTCGATATATTACTGTCCACAAGAGCTTAATTTTTGTGCTAATTTGGTGCTTAGTAATTTTTCTGGCAGAG
 ,Intron 15-16,7,117595059,117602825,,,7767,gtaagaatgttctattgtaaagtat..........tcaactgtgtcttgttccattccag
16,ENSE00001015963,7,117602826,117602863,0,2,38,GTGGCTGCTTCTTTGGTTGTGCTGTGGCTCCTTGGAAA
 ,Intron 16-17,7,117602864,117603531,,,668,gtgagtattccatgtcctattgtgt..........taacgatttcctatttgctttacag
17,ENSE00000977441,7,117603532,117603782,2,1,251,CACTCCTCTTCAAGACAAAGGGAATAGTACTCATAGTAGAAATAACAGCTATGCAGTGATTATCACCAGCACCAGTTCGTATTATGTGTTTTACATTTACGTGGGAGTAGCCGACACTTTGCTTGCTATGGGATTCTTCAGAGGTCTACCACTGGTGCATACTCTAATCACAGTGTCGAAAATTTTACACCACAAAATGTTACATTCTGTTCTTCAAGCACCTATGTCAACCCTCAACACGTTGAAAGCAG
 ,Intron 17-18,7,117603783,117606673,,,2891,gtactttactaggtctaagaaatga..........gaatttgtcatcttgtatattatag
18,ENSE00000977442,7,117606674,117606753,1,0,80,GTGGGATTCTTAATAGATTCTCCAAAGATATAGCAATTTTGGATGACCTTCTGCCTCTTACCATATTTGACTTCATCCAG
 ,Intron 18-19,7,117606754,117610518,,,3765,gtatgtaaaaataagtaccgttaag..........caacatgttttctttgatcttacag
19,ENSE00000718690,7,117610519,117610669,0,1,151,TTGTTATTAATTGTGATTGGAGCTATAGCAGTTGTCGCAGTTTTACAACCCTACATCTTTGTTGCAACAGTGCCAGTGATAGTGGCTTTTATTATGTTGAGAGCATATTTCCTCCAAACCTCACAGCAACTCAAACAACTGGAATCTGAAG
 ,Intron 19-20,7,117610670,117611580,,,911,gtatgacagtgaatgtgcgatactc..........tgttttctatggaaatatttcacag
20,ENSE00000977443,7,117611581,117611808,1,1,228,GCAGGAGTCCAATTTTCACTCATCTTGTTACAAGCTTAAAAGGACTATGGACACTTCGTGCCTTCGGACGGCAGCCTTACTTTGAAACTCTGTTCCACAAAGCTCTGAATTTACATACTGCCAACTGGTTCTTGTACCTGTCAACACTGCGCTGGTTCCAAATGAGAATAGAAATGATTTTTGTCATCTTCTTCATTGCTGTTACCTTCATTTCCATTTTAACAACAG
 ,Intron 20-21,7,117611809,117614612,,,2804,gtactatgaactcattaactttagc..........atttacgtcttttgtgcatctatag
21,ENSE00000718699,7,117614613,117614713,1,0,101,GAGAAGGAGAAGGAAGAGTTGGTATTATCCTGACTTTAGCCATGAATATCATGAGTACATTGCAGTGGGCTGTAAACTCCAGCATAGATGTGGATAGCTTG
 ,Intron 21-22,7,117614714,117627521,,,12808,gtaagtcttatcatctttttaactt..........aaaaatgttgttatttttatttcag
22,ENSE00000718704,7,117627522,117627770,0,0,249,ATGCGATCTGTGAGCCGAGTCTTTAAGTTCATTGACATGCCAACAGAAGGTAAACCTACCAAGTCAACCAAACCATACAAGAATGGCCAACTCTCGAAAGTTATGATTATTGAGAATTCACACGTGAAGAAAGATGACATCTGGCCCTCAGGGGGCCAAATGACTGTCAAAGATCTCACAGCAAAATACACAGAAGGTGGAAATGCCATATTAGAGAACATTTCCTTCTCAATAAGTCCTGGCCAGAGG
 ,Intron 22-23,7,117627771,117642437,,,14667,gtgagatttgaacactgcttgcttt..........tgatcccatcacttttaccttatag
23,ENSE00000718708,7,117642438,117642593,0,0,156,GTGGGCCTCTTGGGAAGAACTGGATCAGGGAAGAGTACTTTGTTATCAGCTTTTTTGAGACTACTGAACACTGAAGGAGAAATCCAGATCGATGGTGTGTCTTGGGATTCAATAACTTTGCAACAGTGGAGGAAAGCCTTTGGAGTGATACCACAG
 ,Intron 23-24,7,117642594,117652841,,,10248,gtgagcaaaaggacttagccagaaa..........cttcttcttttcttttttgctatag
24,ENSE00000718713,7,117652842,117652931,0,0,90,AAAGTATTTATTTTTTCTGGAACATTTAGAAAAAACTTGGATCCCTATGAACAGTGGAGTGATCAAGAAATATGGAAAGTTGCAGATGAG
 ,Intron 24-25,7,117652932,117664687,,,11756,gtaaggctgctaactgaaatgattt..........tctgaactatcttctctaactgcag
25,ENSE00000718718,7,117664688,117664860,0,2,173,GTTGGGCTCAGATCTGTGATAGAACAGTTTCCTGGGAAGCTTGACTTTGTCCTTGTGGATGGGGGCTGTGTCCTAAGCCATGGCCACAAGCAGTTGATGTGCTTGGCTAGATCTGTTCTCAGTAAGGCGAAGATCTTGCTGCTTGATGAACCCAGTGCTCATTTGGATCCAGT
 ,Intron 25-26,7,117664861,117665458,,,598,gtgagtttcagatgttctgttactt..........gtgtggtattttctttcttttctag
26,ENSE00000718724,7,117665459,117665564,2,0,106,AACATACCAAATAATTAGAAGAACTCTAAAACAAGCATTTGCTGATTGCACAGTAATTCTCTGTGAACACAGGATAGAAGCAATGCTGGAATGCCAACAATTTTTG
 ,Intron 26-27,7,117665565,117666907,,,1343,gtgagtctttataactttacttaag..........atctcactaacagccatttccctag
27,ENSE00000977444,7,117666908,117668665,0,-,1758,GTCATAGAAGAGAACAAAGTGCGGCAGTACGATTCCATCCAGAAACTGCTGAACGAGAGGAGCCTCTTCCGGCAAGCCATCAGCCCCTCCGACAGGGTGAAGCTCTTTCCCCACCGGAACTCAAGCAAGTGCAAGTCTAAGCCCCAGATTGCTGCTCTGAAAGAGGAGACAGAAGAAGAGGTGCAAGATACAAGGCTTTAGAGAGCAGCATAAATGTTGACATGGGACATTTGCTCATGGAATTGGAGCTCGTGGGACAGTCACCTCATGGAATTGGAGCTCGTGGAACAGTTACCTCTGCCTCAGAAAACAAGGATGAATTAAGTTTTTTTTTAAAAAAGAAACATTTGGTAAGGGGAATTGAGGACACTGATATGGGTCTTGATAAATGGCTTCCTGGCAATAGTCAAATTGTGTGAAAGGTACTTCAAATCCTTGAAGATTTACCACTTGTGTTTTGCAAGCCAGATTTTCCTGAAAACCCTTGCCATGTGCTAGTAATTGGAAAGGCAGCTCTAAATGTCAATCAGCCTAGTTGATCAGCTTATTGTCTAGTGAAACTCGTTAATTTGTAGTGTTGGAGAAGAACTGAAATCATACTTCTTAGGGTTATGATTAAGTAATGATAACTGGAAACTTCAGCGGTTTATATAAGCTTGTATTCCTTTTTCTCTCCTCTCCCCATGATGTTTAGAAACACAACTATATTGTTTGCTAAGCATTCCAACTATCTCATTTCCAAGCAAGTATTAGAATACCACAGGAACCACAAGACTGCACATCAAAATATGCCCCATTCAACATCTAGTGAGCAGTCAGGAAAGAGAACTTCCAGATCCTGGAAATCAGGGTTAGTATTGTCCAGGTCTACCAAAAATCTCAATATTTCAGATAATCACAATACATCCCTTACCTGGGAAAGGGCTGTTATAATCTTTCACAGGGGACAGGATGGTTCCCTTGATGAAGAAGTTGATATGCCTTTTCCCAACTCCAGAAAGTGACAAGCTCACAGACCTTTGAACTAGAGTTTAGCTGGAAAAGTATGTTAGTGCAAATTGTCACAGGACAGCCCTTCTTTCCACAGAAGCTCCAGGTAGAGGGTGTGTAAGTAGATAGGCCATGGGCACTGTGGGTAGACACACATGAAGTCCAAGCATTTAGATGTATAGGTTGATGGTGGTATGTTTTCAGGCTAGATGTATGTACTTCATGCTGTCTACACTAAGAGAGAATGAGAGACACACTGAAGAAGCACCAATCATGAATTAGTTTTATATGCTTCTGTTTTATAATTTTGTGAAGCAAAATTTTTTCTCTAGGAAATATTTATTTTAATAATGTTTCAAACATATATAACAATGCTGTATTTTAAAAGAATGATTATGAATTACATTTGTATAAAATAATTTTTATATTTGAAATATTGACTTTTTATGGCACTAGTATTTCTATGAAATATTATGTTAAAACTGGGACAGGGGAGAACCTAGGGTGATATTAACCAGGGGCCATGAATCACCTTTTGGTCTGGAGGGAAGCCTTGGGGCTGATGCAGTTGTTGCCCACAGCTGTATGATTCCCAGCCAGCACAGCCTCTTAGATGCAGTTCTGAAGAAGATGGTACCACCAGTCTGACTGTTTCCATCAAGGGTACACTGCCTTCTCAACTCCAAACTGACTCTTAAGAAGACTGCATTATATTTATTACTGTAAGAAAATATCACTTGTCAATAAAATCCATACATTTGTGTGAAA
,3' downstream sequence,7,,,,,,ctttgttgttttcagatgcgttcacttgtcatgtttcatcagtctctcac..........