No.,Exon / Intron,Chrom,Start,End,Start Phase,End Phase,Length,Sequence
,5' upstream sequence,22,,,,,,..........cccgcaccccgcccgccacggcctgcgtccgccaccggaagcgccctcct
1,ENSE00001871649,22,19941772,19941897,-,-,126,AATCCCCGCAGCGCCACCGCCATTGCCGCCATCGTCGTGGGGCTTCTGGGGCAGCTAGGGCTGCCCGCCGCGCTGCCTGCGCCGGACCGGGGCGGGTCCAGTCCCGGGCGGGCCGTCGCGGGAGAG
 ,Intron 1-2,22,19941898,19961198,,,19301,gtgagagcgctggctagaccggggc..........ccaaaggcaaaattgatttccacag
2,ENSE00001056469,22,19961199,19961289,-,-,91,AAATAACATCTGCTTTGCTGCCGAGCTCAGAGGAGACCCCAGACCCCTCCCGCAGCCAGAGGGCTGGAGCCTGCTCAGAGGTGCTTTGAAG
 ,Intron 2-3,22,19961290,19962526,,,1237,gtgagttggccaacggaagccgggg..........gcgcccctcccctcccgccctgcag
3,ENSE00001656924,22,19962527,19962815,0,1,289,ATGCCGGAGGCCCCGCCTCTGCTGTTGGCAGCTGTGTTGCTGGGCCTGGTGCTGCTGGTGGTGCTGCTGCTGCTTCTGAGGCACTGGGGCTGGGGCCTGTGCCTTATCGGCTGGAACGAGTTCATCCTGCAGCCCATCCACAACCTGCTCATGGGTGACACCAAGGAGCAGCGCATCCTGAACCACGTGCTGCAGCATGCGGAGCCCGGGAACGCACAGAGCGTGCTGGAGGCCATTGACACCTACTGCGAGCAGAAGGAGTGGGCCATGAACGTGGGCGACAAGAAAG
 ,Intron 3-4,22,19962816,19963565,,,750,gtggggtccgggccagcaggtgctc..........ctcctccgtccccaaccctgcacag
4,ENSE00003569391,22,19963566,19963759,1,0,194,GCAAGATCGTGGACGCCGTGATTCAGGAGCACCAGCCCTCCGTGCTGCTGGAGCTGGGGGCCTACTGTGGCTACTCAGCTGTGCGCATGGCCCGCCTGCTGTCACCAGGGGCGAGGCTCATCACCATCGAGATCAACCCCGACTGTGCCGCCATCACCCAGCGGATGGTGGATTTCGCTGGCGTGAAGGACAAG
 ,Intron 4-5,22,19963760,19964167,,,408,gtgtgcatgcctgacccgttgtcag..........tgggcactgacaggcgctgttccag
5,ENSE00001316383,22,19964168,19964299,0,0,132,GTCACCCTTGTGGTTGGAGCGTCCCAGGACATCATCCCCCAGCTGAAGAAGAAGTATGATGTGGACACACTGGACATGGTCTTCCTCGACCACTGGAAGGACCGGTACCTGCCGGACACGCTTCTCTTGGAG
 ,Intron 5-6,22,19964300,19968535,,,4236,gtgagccccaaccaggatggcatcc..........cccccaccccccggtctgtttgcag
6,ENSE00001297813,22,19968536,19969975,0,-,1440,GAATGTGGCCTGCTGCGGAAGGGGACAGTGCTACTGGCTGACAACGTGATCTGCCCAGGTGCGCCAGACTTCCTAGCACACGTGCGCGGGAGCAGCTGCTTTGAGTGCACACACTACCAATCGTTCCTGGAATACAGGGAGGTGGTGGACGGCCTGGAGAAGGCCATCTACAAGGGCCCAGGCAGCGAAGCAGGGCCCTGACTGCCCCCCCGGCCCCCCTCTCGGGCTCTCTCACCCAGCCTGGTACTGAAGGTGCCAGACGTGCTCCTGCTGACCTTCTGCGGCTCCGGGCTGTGTCCTAAATGCAAAGCACACCTCGGCCGAGGCCTGCGCCCTGACATGCTAACCTCTCTGAACTGCAACACTGGATTGTTCTTTTTTAAGACTCAATCATGACTTCTTTACTAACACTGGCTAGCTATATTATCTTATATACTAATATCATGTTTTAAAAATATAAAATAGAAATTAAGAATCTAAATATTTAGATATAACTCGACTTAGTACATCCTTCTCAACTGCCATTCCCCTGCTGCCCTTGACTTGGGCACCAAACATTCAAAGCTCCCCTTGACGGACGCTAACGCTAAGGGCGGGGCCCCTAGCTGGCTGGGTTCTGGGTGGCACGCCTGGCCCACTGGCCTCCCAGCCACAGTGGTGCAGAGGTCAGCCCTCCTGCAGCTAGGCCAGGGGCACCTGTTAGCCCCATGGGGACGACTGCCGGCCTGGGAAACGAAGAGGAGTCAGCCAGCATTCACACCTTTCTGACCAAGCAGGCGCTGGGGACAGGTGGACCCCGCAGCAGCACCAGCCCCTCTGGGCCCCATGTGGCACAGAGTGGAAGCATCTCCTTCCCTACTCCCCACTGGGCCTTGCTTACAGAAGAGGCAATGGCTCAGACCAGCTCCCGCATCCCTGTAGTTGCCTCCCTGGCCCATGAGTGAGGATGCAGTGCTGGTTTCTGCCCACCTACACCTAGAGCTGTCCCCATCTCCTCCAAGGGGTCAGACTGCTAGCCACCTCAGAGGCTCCAAGGGCCCAGTTCCCAGGCCCAGGACAGGAATCAACCCTGTGCTAGCTGAGTTCACCTGCACCGAGACCAGCCCCTAGCCAAGATTCTACTCCTGGGCTCAAGGCCTGGCTAGCCCCCAGCCAGCCCACTCCTATGGATAGACAGACCAGTGAGCCCAAGTGGACAAGTTTGGGGCCACCCAGGGACCAGAAACAGAGCCTCTGCAGGACACAGCAGATGGGCACCTGGGACCACCTCCACCCAGGGCCCTGCCCCAGACGCGCAGAGGCCCGACACAAGGGAGAAGCCAGCCACTTGTGCCAGACCTGAGTGGCAGAAAGCAAAAAGTTCCTTTGCTGCTTTAATTTTTAAATTTTCTTACAAAAATTTAGGTGTTTACCAATAGTCTTATTTTGGCTTATTTTTAA
,3' downstream sequence,22,,,,,,tgctttttctcagtgtttttcttctgtttctgagtcacgaacagcaggca..........