No.,Exon / Intron,Chrom,Start,End,Start Phase,End Phase,Length,Sequence
,5' upstream sequence,19,,,,,,..........ccatccctctttttcaggcagtataaaggcaaaccaccccagccgtcacc
1,ENSE00001789088,19,40850447,40850247,-,0,201,ATCTATCATCCCACTACCACCATGCTGGCCTCAGGGATGCTTCTGGTGGCCTTGCTGGTCTGCCTGACTGTAATGGTCTTGATGTCTGTTTGGCAGCAGAGGAAGAGCAAGGGGAAGCTGCCTCCGGGACCCACCCCATTGCCCTTCATTGGAAACTACCTGCAGCTGAACACAGAGCAGATGTACAACTCCCTCATGAAG
 ,Intron 1-2,19,40850246,40849981,,,266,gtgtcccaaggcagggagatgggtg..........aaccactcccacccacctccatcag
2,ENSE00003462957,19,40849980,40849818,0,1,163,ATCAGTGAGCGCTATGGCCCCGTGTTCACCATTCACTTGGGGCCCCGGCGGGTCGTGGTGCTGTGTGGACATGATGCCGTCAGGGAGGCTCTGGTGGACCAGGCTGAGGAGTTCAGCGGGCGAGGCGAGCAAGCCACCTTCGACTGGGTCTTCAAAGGCTATG
 ,Intron 2-3,19,40849817,40848764,,,1054,gtgagggggtgcccaagagggggaa..........tccattcccgcgttcacctccccag
3,ENSE00003565479,19,40848763,40848614,1,1,150,GCGTGGTATTCAGCAACGGGGAGCGCGCCAAGCAGCTCCGGCGCTTCTCCATCGCCACCCTGCGGGACTTCGGGGTGGGCAAGCGAGGCATCGAGGAGCGCATCCAGGAGGAGGCGGGCTTCCTCATCGACGCCCTCCGGGGCACTGGCG
 ,Intron 3-4,19,40848613,40848380,,,234,gtgagcaggggaccccgagtgcggg..........cccccttctcccgccatacccgcag
4,ENSE00003685949,19,40848379,40848219,1,0,161,GCGCCAATATCGATCCCACCTTCTTCCTGAGCCGCACAGTCTCCAATGTCATCAGCTCCATTGTCTTTGGGGACCGCTTTGACTATAAGGACAAAGAGTTCCTGTCACTGTTGCGCATGATGCTAGGAATCTTCCAGTTCACGTCAACCTCCACGGGGCAG
 ,Intron 4-5,19,40848218,40847052,,,1167,gtaactggctgcagcccggcccgtg..........tcccatcctctctctgcaaccccag
5,ENSE00003545561,19,40847051,40846875,0,0,177,CTCTATGAGATGTTCTCTTCGGTGATGAAACACCTGCCAGGACCACAGCAACAGGCCTTTCAGTTGCTGCAAGGGCTGGAGGACTTCATAGCCAAGAAGGTGGAGCACAACCAGCGCACGCTGGATCCCAATTCCCCACGGGACTTCATTGACTCCTTTCTCATCCGCATGCAGGAG
 ,Intron 5-6,19,40846874,40846098,,,777,gtacaccccagcagccactgcgggg..........ggcctaaagccccctctccctgcag
6,ENSE00003490034,19,40846097,40845956,0,1,142,GAGGAGAAGAACCCCAACACGGAGTTCTACTTGAAAAACCTGGTGATGACCACGTTGAACCTCTTCATTGGGGGCACCGAGACCGTCAGCACCACCCTGCGCTATGGCTTCTTGCTGCTCATGAAGCACCCAGAGGTGGAGG
 ,Intron 6-7,19,40845955,40845482,,,474,gtaaggctggagggggacggaagtg..........aaacacattccccctcctcccccag
7,ENSE00002436864,19,40845481,40845294,1,0,188,CCAAGGTCCATGAGGAGATTGACAGAGTGATCGGCAAGAACCGGCAGCCCAAGTTTGAGGACCGGGCCAAGATGCCCTACATGGAGGCAGTGATCCACGAGATCCAAAGATTTGGAGACGTGATCCCCATGAGTTTGGCCCGCAGAGTCAAAAAGGACACCAAGTTTCGGGATTTCTTCCTCCCTAAG
 ,Intron 7-8,19,40845293,40844773,,,521,gtgctatccgcccccaccccccaga..........cacacaacttcctcctccctaccag
8,ENSE00002489819,19,40844772,40844631,0,1,142,GGCACCGAAGTGTACCCTATGCTGGGCTCTGTGCTGAGAGACCCCAGTTTCTTCTCCAACCCCCAGGACTTCAATCCCCAGCACTTCCTGAATGAGAAGGGGCAGTTTAAGAAGAGTGATGCTTTTGTGCCCTTTTCCATCG
 ,Intron 8-9,19,40844630,40843978,,,653,gtaagagaccactgtttgctgccag..........cacccctcccgcctctcctcctcag
9,ENSE00003006113,19,40843977,40843541,1,-,437,GAAAGCGGAACTGTTTCGGAGAAGGCCTGGCCAGAATGGAGCTCTTTCTCTTCTTCACCACCGTCATGCAGAACTTCCGCCTCAAGTCCTCCCAGTCACCTAAGGACATTGACGTGTCCCCCAAACACGTGGGCTTTGCCACGATCCCACGAAACTACACCATGAGCTTCCTGCCCCGCTGAGCGAGGGCTGTGCCGGTGCAGGTCTGGTGGGCGGGGCCAGGGAAAGGGCAGGGCCAAGACCGGGCTTGGGAGAGGGGCGCAGCTAAGACTGGGGGCAGGATGGCGGAAAGGAAGGGGCGTGGTGGCTAGAGGGAAGAGAAGAAACAGAAGCGGCTCAGTTCACCTTGATAAGGTGCTTCCGAGCTGGGATGAGAGGAAGGAAACCCTTACATTATGCTATGAAGAGTAGTAATAATAGCAGCTCTTATTTCCTGA
,3' downstream sequence,19,,,,,,gcacgtacccccgtgtcacctttgttcaaaaaccattgcacgctcaccta..........