No.,Exon / Intron,Chrom,Start,End,Start Phase,End Phase,Length,Sequence
,5' upstream sequence,10,,,,,,..........cttaattagcatggagtgttataaaaagcttggagtgcaagctcacggtt
1,ENSE00002446586,10,94762681,94762873,-,0,193,GTCTTAACAAGAGGAGAAGGCTTCAATGGATCCTTTTGTGGTCCTTGTGCTCTGTCTCTCATGTTTGCTTCTCCTTTCAATCTGGAGACAGAGCTCTGGGAGAGGAAAACTCCCTCCTGGCCCCACTCCTCTCCCAGTGATTGGAAATATCCTACAGATAGATATTAAGGATGTCAGCAAATCCTTAACCAAT
 ,Intron 1-2,10,94762874,94775057,,,12184,gtaagtatgctccttcagtggcttg..........ctgttaactgtatctccttttctag
2,ENSE00003600653,10,94775058,94775220,0,1,163,CTCTCAAAAATCTATGGCCCTGTGTTCACTCTGTATTTTGGCCTGGAACGCATGGTGGTGCTGCATGGATATGAAGTGGTGAAGGAAGCCCTGATTGATCTTGGAGAGGAGTTTTCTGGAAGAGGCCATTTCCCACTGGCTGAAAGAGCTAACAGAGGATTTG
 ,Intron 2-3,10,94775221,94775389,,,169,gtaggtgtgcaagtgcctgtttcag..........ctagtttcgtttctcttcctgttag
3,ENSE00003666610,10,94775390,94775539,1,1,150,GAATCGTTTTCAGCAATGGAAAGAGATGGAAGGAGATCCGGCGTTTCTCCCTCATGACGCTGCGGAATTTTGGGATGGGGAAGAGGAGCATTGAGGACCGTGTTCAAGAGGAAGCCCGCTGCCTTGTGGAGGAGTTGAGAAAAACCAAGG
 ,Intron 3-4,10,94775540,94780498,,,4959,gtgggtgaacatactctctatcact..........tttaaaattgtttccaatcatttag
4,ENSE00003516375,10,94780499,94780659,1,0,161,CTTCACCCTGTGATCCCACTTTCATCCTGGGCTGTGCTCCCTGCAATGTGATCTGCTCCATTATTTTCCAGAAACGTTTCGATTATAAAGATCAGCAATTTCTTAACTTGATGGAAAAATTGAATGAAAACATCAGGATTGTAAGCACCCCCTGGATCCAG
 ,Intron 4-5,10,94780660,94781820,,,1161,gtaaggccaagttttttgcttcctg..........ttaataaattattgttttctcttag
5,ENSE00003660121,10,94781821,94781997,0,0,177,ATATGCAATAATTTTCCCACTATCATTGATTATTTCCCGGGAACCCATAACAAATTACTTAAAAACCTTGCTTTTATGGAAAGTGATATTTTGGAGAAAGTAAAAGAACACCAAGAATCGATGGACATCAACAACCCTCGGGACTTTATTGATTGCTTCCTGATCAAAATGGAGAAG
 ,Intron 5-6,10,94781998,94820495,,,38498,gtaaaatgttaacaaaagcttagtt..........gataattgcatcaaatcattcctag
6,ENSE00003662051,10,94820496,94820637,0,1,142,GAAAAGCAAAACCAACAGTCTGAATTCACTATTGAAAACTTGGTAATCACTGCAGCTGACTTACTTGGAGCTGGGACAGAGACAACAAGCACAACCCTGAGATATGCTCTCCTTCTCCTGCTGAAGCACCCAGAGGTCACAG
 ,Intron 6-7,10,94820638,94842836,,,22199,gtatgatcacagaggatgagttaat..........tcagttcttacttgtgtcttgtcag
7,ENSE00003670360,10,94842837,94843024,1,0,188,CTAAAGTCCAGGAAGAGATTGAACGTGTCATTGGCAGAAACCGGAGCCCCTGCATGCAGGACAGGGGCCACATGCCCTACACAGATGCTGTGGTGCACGAGGTCCAGAGATACATCGACCTCATCCCCACCAGCCTGCCCCATGCAGTGACCTGTGACGTTAAATTCAGAAACTACCTCATTCCCAAG
 ,Intron 7-8,10,94843025,94849916,,,6892,gtaagtttgtttctcctacactgca..........gttcacctatgtctcttgtttctag
8,ENSE00003582934,10,94849917,94850058,0,1,142,GGCACAACCATATTAACTTCCCTCACTTCTGTGCTACATGACAACAAAGAATTTCCCAACCCAGAGATGTTTGACCCTCGTCACTTTCTGGATGAAGGTGGAAATTTTAAGAAAAGTAACTACTTCATGCCTTTCTCAGCAG
 ,Intron 8-9,10,94850059,94852732,,,2674,gtaatataaatttatttccctttgt..........ttctccctatgtttgttattttcag
9,ENSE00001454938,10,94852733,94855547,1,-,2815,GAAAACGGATTTGTGTGGGAGAGGGCCTGGCCCGCATGGAGCTGTTTTTATTCCTGACCTTCATTTTACAGAACTTTAACCTGAAATCTCTGATTGACCCAAAGGACCTTGACACAACTCCTGTTGTCAATGGATTTGCTTCTGTCCCGCCCTTCTATCAGCTGTGCTTCATTCCTGTCTGAAGAAGCACAGATGGTCTGGCTGCTCCTGTGCTGTCCCTGCAGCTCTCTTTCCTCTGGTCCAAATTTCACTATCTGTGATGCTTCTTCTGACCCGTCATCTCACATTTTCCCTTCCCCCAAGATCTAGTGAACATTCAGCCTCCATTAAAAAAGTTTCACTGTGCAAATATATCTGCTATTCCCCATACTCTATAATAGTTACATTGAGTGCCACATAATGCTGATACTTGTCTAATGTTGAGTTATTAACATATTATTATTAAATAGAGAAAGATGATTTGTGTATTATAATTCAAAGGCATTTCTTCTCTGCATGTTCTAAACAAAAAGCATTATTATTTGCTGAGTCAGGTTATTAGACCTTCCTTCCTTTGTGCATAATGCAGGTGACAAATTAAAGAAAATAGAGTTCCAGGAGGCCATGCTGGTTCTCAAAACGATAAGGACAGAAAGGACAAAGGTGAAGATGGTAGGGAAGCTATTTTGGCTGAGCATTACCAAAATTTAGAGTTACATGAGGATTGGATTTGAAAGTGAGAAACTGTGTCCAGGAGCAGCTCCAACCTCTAGGGAAATATTCAGAGGATCAGGTATTGGGAGGAATGGATATTAAATGTTCCACATTGGTGTTCCTTTTTTTTTTTTTTTTGAGACAATGTCTCACTCTGTCTCCCAGGCTGGAGTGCAGTGGTGCAATCTCGGCTCACTGTAACCTTCGCCTCCCAGGCTCAAGAGATTCTCCTGCCTCAGCCTCCTGAGTAGCTGGGATTACAGACACGTGCCACCATGCCTGGCTAATTTTTTTGTATTTTTAGTACAGACAGGGTTTCACCATGTTAGCCAGGATGATCTCAATCTGCTGACCTCCTGATCTGCCTGCCTCAGCCTCCCAAAGTGCTGGGATTACAGGAGTGAGACACTGTGCCTGGTCTAATGTTACTTTAAAGTGTCATTACTTTATCTCTAAATAAAGAATCAGGTTACTTTTATTACTTCATGTTTCCAACTTAGAATGAAGTAATGAAGTATAAATATATGCTTTCATATTGCTGCTCATGTGTTTTGTCATGCTTCTCTCTTCAAACATGAACAAAATTTCTTTTCTTTTTTCTTTTTTTTTTGAAATGGAGTCCCACTTTTGTTCCCCAGGCTGGAGTGCAATGGTGCGATCTCGGCTCACTGCAATCTCCACCTCCTGGATTCAAGTGGTTCTCCTGCCTCAGCCCCCCAAGTAGCTGGGATTACAGGTGCCTACCACCACACCAGGCTAATTTTTGTATTTTTAGTAGAGACAGGGTTTCACTATGTGGGCCAGGCTAGTCTTGAACTCCTGACCTCAAGTGATCCACCCACCTCAGCCTCCCAAACTGCTGGGCTTACAGGCGTGAGCCACTGCACCTGGCTGAACAAAATTTCTAAGAAGAATTACCAGGGTTTAATCTTTTTCAGCTTCTCCTATATTGTTTTAGTTTTAACATTAGTGGGATGATAATTTTATGCTATTGTCCTAATATAATTAGCCTCATGTCATCTCCAAAGCATAGACAACTAAGTATCTTATGTTAAATTATGTTCACCACTCTTCCTGTCTTCTACTTGAAATGTAAGAAATAAGAAGTAACATAATTGATTATGCTTTTCACAGCTCATCTCCTAGAACAAGCTACTTACAATTTGGAATACATTTAAAGATAATATATGGGTACAGATGTACATGTACATCTATGCATGTGTGTGTACATTATGTGCATTCACACATAATATATATATGTATAACTTATGCACACATACATATAGGGTTAAATGTTTATTTACAATATTGGGCTCATATCACACATCTTGTATTAAAACTTGCTATTTTCCTACCAAGTAATATGCCAGCAAAACCTCTAAGGTGATAGAAACATAGGCAAATAATTCAGAGAGTTAATAGAAGAGAAAGTGGAAATGGGTATTACATTAATGGAAAGATACAGATGGAAATTACACATTATACATTTTAAACATTCTTCATTGGGAAATGAAAATGTATTAATGTAGTGTTAGTAGAGGTGTTGACAAACACCCATGGGTGAGATAAATAAAAAAGTTGTCTAGTCTGTTTCCTCCTGGAGACTGTAGTGGATAATCTGTTTTCCTGCCTATTTCAGCTCCTAAAGGCTGCCTGCATTCCTTGGCTCATGAACTCCTTTTTCTTTCACTCCAAACACTTGCTTCTTTTGTTACATCTCCTACTCCTACTACTCTTATTCTCTCTCCCTTATGTAAAGACCCTTGTGATTACATGAAACCCACCAGTGTAATCTCTTCATGTCCAGACATTATTTAGCCTACCATACTATTATTATACCCATTTGAACAACCAAACAATTGCACTGATGATCTGTTAAGCATCTTGTTCAAGGTCACACAGCTTTTTAAGTGTCAGAGCCAACAATTGGACAAGGGCAATCTGACTGGAAAGTAGAAGTTGCTAACAACTTTGCTAATTCTCTGCATTTATTTTTATTGTTTGTATTTCTTCCCTAAAATACATATTTCATATGAGAAGAGAACTTTATTTGGCTCACTAATGAATACCAGCCACCTGAAACACTGTTTAGAAGATACTGGCTCAATAAATATTTAATGAA
,3' downstream sequence,10,,,,,,tgaatgactacttaatgaattaatgaatgaatgtgggcataaaggagcac..........