No.,Exon / Intron,Chrom,Start,End,Start Phase,End Phase,Length,Sequence
,5' upstream sequence,10,,,,,,..........ccgaattagcatggagtgttataaaaggcttggagtgcaagctcatggtt
1,ENSE00002700597,10,94938658,94938850,-,0,193,GTCTTAACAAGAAGAGAAGGCTTCAATGGATTCTCTTGTGGTCCTTGTGCTCTGTCTCTCATGTTTGCTTCTCCTTTCACTCTGGAGACAGAGCTCTGGGAGAGGAAAACTCCCTCCTGGCCCCACTCCTCTCCCAGTGATTGGAAATATCCTACAGATAGGTATTAAGGACATCAGCAAATCCTTAACCAAT
 ,Intron 1-2,10,94938851,94941857,,,3007,gtaagtatgctccttcagtggcttg..........ctgttatctctgtctactttcctag
2,ENSE00003593739,10,94941858,94942020,0,1,163,CTCTCAAAGGTCTATGGCCCTGTGTTCACTCTGTATTTTGGCCTGAAACCCATAGTGGTGCTGCATGGATATGAAGCAGTGAAGGAAGCCCTGATTGATCTTGGAGAGGAGTTTTCTGGAAGAGGCATTTTCCCACTGGCTGAAAGAGCTAACAGAGGATTTG
 ,Intron 2-3,10,94942021,94942191,,,171,gtaggtgtgcatgtgcctgtttcag..........ctagtttcgtttctcttcctgttag
3,ENSE00003599164,10,94942192,94942341,1,1,150,GAATTGTTTTCAGCAATGGAAAGAAATGGAAGGAGATCCGGCGTTTCTCCCTCATGACGCTGCGGAATTTTGGGATGGGGAAGAGGAGCATTGAGGACCGTGTTCAAGAGGAAGCCCGCTGCCTTGTGGAGGAGTTGAGAAAAACCAAGG
 ,Intron 3-4,10,94942342,94947778,,,5437,gtgggtgaccctactccatatcact..........ttttaaattgtttctaattatttag
4,ENSE00003670754,10,94947779,94947939,1,0,161,CCTCACCCTGTGATCCCACTTTCATCCTGGGCTGTGCTCCCTGCAATGTGATCTGCTCCATTATTTTCCATAAACGTTTTGATTATAAAGATCAGCAATTTCTTAACTTAATGGAAAAGTTGAATGAAAACATCAAGATTTTGAGCAGCCCCTGGATCCAG
 ,Intron 4-5,10,94947940,94949107,,,1168,gtaaggccaagatttttgcttcctg..........ttaataaattattgttttctcttag
5,ENSE00002485068,10,94949108,94949284,0,0,177,ATCTGCAATAATTTTTCTCCTATCATTGATTACTTCCCGGGAACTCACAACAAATTACTTAAAAACGTTGCTTTTATGAAAAGTTATATTTTGGAAAAAGTAAAAGAACACCAAGAATCAATGGACATGAACAACCCTCAGGACTTTATTGATTGCTTCCTGATGAAAATGGAGAAG
 ,Intron 5-6,10,94949285,94972103,,,22819,gtaaaatgtaaacaaaagcttagtt..........gataattgcatcaaatcattcctag
6,ENSE00002448359,10,94972104,94972245,0,1,142,GAAAAGCACAACCAACCATCTGAATTTACTATTGAAAGCTTGGAAAACACTGCAGTTGACTTGTTTGGAGCTGGGACAGAGACGACAAGCACAACCCTGAGATATGCTCTCCTTCTCCTGCTGAAGCACCCAGAGGTCACAG
 ,Intron 6-7,10,94972246,94981182,,,8937,gtatgatcagagatgataagttaat..........tcagtttttacttgtgtcttatcag
7,ENSE00002454713,10,94981183,94981370,1,0,188,CTAAAGTCCAGGAAGAGATTGAACGTGTGATTGGCAGAAACCGGAGCCCCTGCATGCAAGACAGGAGCCACATGCCCTACACAGATGCTGTGGTGCACGAGGTCCAGAGATACATTGACCTTCTCCCCACCAGCCTGCCCCATGCAGTGACCTGTGACATTAAATTCAGAAACTATCTCATTCCCAAG
 ,Intron 7-8,10,94981371,94986032,,,4662,gtaagtttgtttctcctacactgca..........gttcatctatgtctcttgtttctag
8,ENSE00002442427,10,94986033,94986174,0,1,142,GGCACAACCATATTAATTTCCCTGACTTCTGTGCTACATGACAACAAAGAATTTCCCAACCCAGAGATGTTTGACCCTCATCACTTTCTGGATGAAGGTGGCAATTTTAAGAAAAGTAAATACTTCATGCCTTTCTCAGCAG
 ,Intron 8-9,10,94986175,94988846,,,2672,gtaatataaatttatttccatttgt..........tgctctctgtgtttgctattttcag
9,ENSE00001162173,10,94988847,94990091,1,-,1245,GAAAACGGATTTGTGTGGGAGAAGCCCTGGCCGGCATGGAGCTGTTTTTATTCCTGACCTCCATTTTACAGAACTTTAACCTGAAATCTCTGGTTGACCCAAAGAACCTTGACACCACTCCAGTTGTCAATGGATTTGCCTCTGTGCCGCCCTTCTACCAGCTGTGCTTCATTCCTGTCTGAAGAAGAGCAGATGGCCTGGCTGCTGCTGTGCAGTCCCTGCAGCTCTCTTTCCTCTGGGGCATTATCCATCTTTCACTATCTGTAATGCCTTTTCTCACCTGTCATCTCACATTTTCCCTTCCCTGAAGATCTAGTGAACATTCGACCTCCATTACGGAGAGTTTCCTATGTTTCACTGTGCAAATATATCTGCTATTCTCCATACTCTGTAACAGTTGCATTGACTGTCACATAATGCTCATACTTATCTAATGTTGAGTTATTAATATGTTATTATTAAATAGAGAAATATGATTTGTGTATTATAATTCAAAGGCATTTCTTTTCTGCATGTTCTAAATAAAAAGCATTATTATTTGCTGAGTCAGTTTATTAGACCTTCCTTCTTTTATGCATAATGTAGGTCAGAAATTAAAGAAAATAGAGTTCCAGGAGGCCATGCTGGTTCTCAAAATGATAAGGACAGAAAGGACAAAGAGGAAGAGGGTAGGGAAGCTATTTTGGGTGAGTGTTAGAGTTACTTGAGGATTGGATTTGAAAGTGAGAAACTGTGTCCAGGGGCAGCTCTAACCTCTAGGGAAATATTCAGAGGATCAGTCAAAGGGTGGAATGGACATTAAATGCTAGAATTCTTATATCCACATTGGTGTTCCTTTTTTTTTGAGACAAAGTCTTGCTCTGTCACCCAGGCTGGAGTGCAGTGGTGTGATCTCAGCTCTCTATAACCTCCGCCTCCCAGGTTCAAGTGATTCTCCTGCCTCAGCCTCCTGAGTAGCTGGGATTACAGGTGCATGCCACCACACCTGGCTAATTTTTTGTATTTTTAGTACAGACGGGTTTTCACCGTGTTAGCCAGGATGGTCTTAATCTCCTGACCTTGTGATCTGCCTGCCTCAGCCTCCCAAAGTGCTGGGATTACAGGTGTGAGCCACTGCGCCTGGCCTGGTGTTACTTTGAAGTGTCATTACTTTATCTCTAAATAAAGAATCAGATTACTTTTATTACTTCATGTTTCCAACTTAGAATGATGTAATGAAGTATAAATACATGCTTTCATATCGCT
,3' downstream sequence,10,,,,,,gctcatgtgttctgtcatgtttctctcttcaaacataaacaaaatttctt..........