No.,Exon / Intron,Chrom,Start,End,Start Phase,End Phase,Length,Sequence
,5' upstream sequence,19,,,,,,..........ggtgcagaggcagggtcaggataaaaggcccagttggaggctgcagcagg
1,ENSE00001114738,19,40991282,40991476,-,0,195,GTGCAGGGCAGTCAGACCAGGACCATGGAACTCAGCGTCCTCCTCTTCCTTGCACTCCTCACAGGACTCTTGCTACTCCTGGTTCAGCGCCACCCTAACACCCATGACCGCCTCCCACCAGGGCCCCGCCCTCTGCCCCTTTTGGGAAACCTTCTGCAGATGGATAGAAGAGGCCTACTCAAATCCTTTCTGAGG
 ,Intron 1-2,19,40991477,41004000,,,12524,gtaagacacagacgaatggggtctg..........cccctggtgtggatgtgattggcag
2,ENSE00003472814,19,41004001,41004163,0,1,163,TTCCGAGAGAAATATGGGGACGTCTTCACGGTACACCTGGGACCGAGGCCCGTGGTCATGCTGTGTGGAGTAGAGGCCATACGGGAGGCCCTTGTGGACAAGGCTGAGGCCTTCTCTGGCCGGGGAAAAATCGCCATGGTCGACCCATTCTTCCGGGGATATG
 ,Intron 2-3,19,41004164,41004296,,,133,gtgagagcctcagaggcactgggag..........aacccacacctcccctgcaccccag
3,ENSE00003658654,19,41004297,41004446,1,1,150,GTGTGATCTTTGCCAATGGAAACCGCTGGAAGGTGCTTCGGCGATTCTCTGTGACCACTATGAGGGACTTCGGGATGGGAAAGCGGAGTGTGGAGGAGCGGATTCAGGAGGAGGCTCAGTGTCTGATAGAGGAGCTTCGGAAATCCAAGG
 ,Intron 3-4,19,41004447,41006904,,,2458,gtgagtcctgggggatgaataggaa..........tccttgacctgctgcttcttcctag
4,ENSE00003613843,19,41006905,41007065,1,0,161,GGGCCCTCATGGACCCCACCTTCCTCTTCCAGTCCATTACCGCCAACATCATCTGCTCCATCGTCTTTGGAAAACGATTCCACTACCAAGATCAAGAGTTCCTGAAGATGCTGAACTTGTTCTACCAGACTTTTTCACTCATCAGCTCTGTATTCGGCCAG
 ,Intron 4-5,19,41007066,41009218,,,2153,gtcagggagacggagagggacaggg..........cctcaccaccccttctttcttgcag
5,ENSE00002519851,19,41009219,41009395,0,0,177,CTGTTTGAGCTCTTCTCTGGCTTCTTGAAATACTTTCCTGGGGCACACAGGCAAGTTTACAAAAACCTGCAGGAAATCAATGCTTACATTGGCCACAGTGTGGAGAAGCACCGTGAAACCCTGGACCCCAGCGCCCCCAAGGACCTCATCGACACCTACCTGCTCCACATGGAAAAA
 ,Intron 5-6,19,41009396,41009993,,,598,gtggggtctgggagaggaaaaaggg..........ccttccttccctactgtggacgcag
6,ENSE00002488696,19,41009994,41010135,0,1,142,GAGAAATCCAACGCACACAGTGAATTCAGCCACCAGAACCTCAACCTCAACACGCTCTCGCTCTTCTTTGCTGGCACTGAGACCACCAGCACCACTCTCCGCTACGGCTTCCTGCTCATGCTCAAATACCCTCATGTTGCAG
 ,Intron 6-7,19,41010136,41012297,,,2162,gtgggccagggacagccagtcaagg..........ttcattggtcttcttttctgtacag
7,ENSE00003580431,19,41012298,41012485,1,0,188,AGAGAGTCTACAGGGAGATTGAACAGGTGATTGGCCCACATCGCCCTCCAGAGCTTCATGACCGAGCCAAAATGCCATACACAGAGGCAGTCATCTATGAGATTCAGAGATTTTCCGACCTTCTCCCCATGGGTGTGCCCCACATTGTCACCCAACACACCAGCTTCCGAGGGTACATCATCCCCAAG
 ,Intron 7-8,19,41012486,41012673,,,188,gtaagaccggctggaaccccatagc..........ttttgatcttgtgatcctccctcag
8,ENSE00002507880,19,41012674,41012815,0,1,142,GACACAGAAGTATTTCTCATCCTGAGCACTGCTCTCCATGACCCACACTACTTTGAAAAACCAGACGCCTTCAATCCTGACCACTTTCTGGATGCCAATGGGGCACTGAAAAAGACTGAAGCTTTTATCCCCTTCTCCTTAG
 ,Intron 8-9,19,41012816,41016645,,,3830,gtaagctggacccacaatttctttc..........cactggtgaccttctgtgtccacag
9,ENSE00001114718,19,41016646,41018398,1,-,1753,GGAAGCGGATTTGTCTTGGTGAAGGCATCGCCCGTGCGGAATTGTTCCTCTTCTTCACCACCATCCTCCAGAACTTCTCCATGGCCAGCCCCGTGGCCCCAGAAGACATCGATCTGACACCCCAGGAGTGTGGTGTGGGCAAAATACCCCCAACATACCAGATCCGCTTCCTGCCCCGCTGAAGGGGCTGAGGGAAGGGGGTCAAAGGATTCCAGGGTCATTCAGTGTCCCCGCCTCTGTAGACAATGGCTCTGACTCCCCGCAACTTCCTGCCTCTGAGAGACCTGCTACAAGCCAGCTTCCTTCCCCTCCATGGCACCAGTTGTCTGAGGTCACATTGCAAGTGAGTGCAGGAGTGAGATTATCGAAAATTATAATATACAAAATCATATATATATATATGTTCTTGTTTTTTGAGACAGAGTCTCACACTGTTGCCCAGGCTGGAGTGCAGTGGCGTGATCTCGGCTCACTGCAACCTCCACCCCCGGGGATCAAGCAACTCTCCTGCCTCAGCCTCCCTAGTAGCTGGGATTACAGGCATGCACTACCACGCTTGGCTAATTTTTGTATTTTTAGTAGAGATGGGGTTTCACTGTGTAGGCCAGGCTGGTCTCGAACTCCTGAACTCAAGTGATTCACCCACCTTAGCCTCCCAAAGTGCTGGGATTACAGGCGTGAGTCACCGTGCCCAGCCATGTATATATATAATTTTAAAAATTAAGCTGAAATTCACATAACATAAAATTAGCTGTTTTAAAGTGTAAAATTTAGTGGCGTGTGGTTCATTCACAAAGCTGTACAACCACCACCATCTAGTTCCAAACATTTTCTTTTTTTCTGAGATGGAGTCTCACTCTGTCACCCAGGTTCGAGTTCAGTGGTGCCATCTCTGTCCACTGCAACCTCCACATCCTGGGTTCAAGTGATTCTCCTGCCTCAGCCTCTGGAGGAGCTGGTATCACAGGCGTCCCCCACCACGCCTGGCTAAATTTTGTATTTTTAGGTGGTCTTGAACTCCTGATGTCAGGTGATTCTCCTAGCTCCAAATGTTTTCATTATCTCTCCCCCAACAAAACCCATACCTATCAAGCTGTCACTCCCCATACCCCATTCTCTTTTTCATCTCGGCCCCTGTCAATCTGGTTTTTGTCACTATGGACTTACCAATTCTGAATATTTCCCATAAACAGAATCATACAATATTTGATTTTTTTTTTTTTTTTGAAACTAAGCCTTGCTCTGTCTCCCAGGCTGGAGTGCTATGGTGCAATTTTTGTTCACTGCAACCTCTGCCTTCCAAGATCAAGAGATTCTCCAGTCTCAGCTCCCAAGTAGCTGGGATTACAGGCATGTACTACCATGCCTGGCTAATTTTCTTGTAGTTTTAGTAGGGACATGTTGGCCAGGCTGGTGGTGAGCTCCTGGCCTCAGGTGATCCACCCACCTCAGTGTTCCAAAGTGCTGATATTACAGGCATAATATGTGATCTTTTGTGTCTGGTTGCTTTCATGTTGAATGCTATTTTTGAGGTTCATGCCTGTTGTAGACCACAGTCACACACTGCTGTAGTCTTCCCCAGTCCTCATTCCCAGCTGCCTCTTCCTACTGCTTCCGTCTATCAAAAAGCCCCCTTGGCCCAGGTTCCCTGAGCTGTGGGATTCTGCACTGGTGCTTTGGATTCCCTGATATGTTCCTTCAAATCTGCTGAGAATTAAATAAACATCTCTAAAGCCTGACCTCCCCACGTCAA
,3' downstream sequence,19,,,,,,gaggtgatctgtgccattttgtgtgtgattcttttattgtcgggtctcta..........