No.,Exon / Intron,Chrom,Start,End,Start Phase,End Phase,Length,Sequence
,5' upstream sequence,22,,,,,,..........gtcctctgtgcctggtggggtgggggtgccaggtgtgtccagaggagccc
1,ENSE00003816605,22,42130810,42130612,-,0,199,ATTTGGTAGTGAGGCAGGTATGGGGCTAGAAGCACTGGTGCCCCTGGCCGTGATAGTGGCCATCTTCCTGCTCCTGGTGGACCTGATGCACCGGCGCCAACGCTGGGCTGCACGCTACCCACCAGGCCCCCTGCCACTGCCCGGGCTGGGCAACCTGCTGCATGTGGACTTCCAGAACACACCATACTGCTTCGACCAG
 ,Intron 1-2,22,42130611,42129910,,,702,gtgagggaggaggtcctggagggcg..........agaggccctgaccctccctctgcag
2,ENSE00002349137,22,42129909,42129738,0,1,172,TTGCGGCGCCGCTTCGGGGACGTGTTCAGCCTGCAGCTGGCCTGGACGCCGGTGGTCGTGCTCAATGGGCTGGCGGCCGTGCGCGAGGCGCTGGTGACCCACGGCGAGGACACCGCCGACCGCCCGCCTGTGCCCATCACCCAGATCCTGGGTTTCGGGCCGCGTTCCCAAG
 ,Intron 2-3,22,42129737,42129186,,,552,gcaagcagcggtggggacagagaca..........gcgcacgtgcccgtcccacccccag
3,ENSE00003556115,22,42129185,42129033,1,1,153,GGGTGTTCCTGGCGCGCTATGGGCCCGCGTGGCGCGAGCAGAGGCGCTTCTCCGTGTCCACCTTGCGCAACTTGGGCCTGGGCAAGAAGTCGCTGGAGCAGTGGGTGACCGAGGAGGCCGCCTGCCTTTGTGCCGCCTTCGCCAACCACTCCG
 ,Intron 3-4,22,42129032,42128945,,,88,gtgggtgatgggcagaagggcacaa..........ccttacccgcatctcccacccccag
4,ENSE00003634695,22,42128944,42128784,1,0,161,GACGCCCCTTTCGCCCCAACGGTCTCTTGGACAAAGCCGTGAGCAACGTGATCGCCTCCCTCACCTGCGGGCGCCGCTTCGAGTACGACGACCCTCGCTTCCTCAGGCTGCTGGACCTAGCTCAGGAGGGACTGAAGGAGGAGTCGGGCTTTCTGCGCGAG
 ,Intron 4-5,22,42128783,42128351,,,433,gtgcggagcgagagaccgaggagtc..........tgagaccccgttctgtctggtgtag
5,ENSE00003646059,22,42128350,42128174,0,0,177,GTGCTGAATGCTGTCCCCGTCCTCCTGCATATCCCAGCGCTGGCTGGCAAGGTCCTACGCTTCCAAAAGGCTTTCCTGACCCAGCTGGATGAGCTGCTAACTGAGCACAGGATGACCTGGGACCCAGCCCAGCCCCCCCGAGACCTGACTGAGGCCTTCCTGGCAGAGATGGAGAAG
 ,Intron 5-6,22,42128173,42127984,,,190,gtgagagtggctgccacggtggggg..........cgagtatgctctcggccctgctcag
6,ENSE00003547475,22,42127983,42127842,0,1,142,GCCAAGGGGAACCCTGAGAGCAGCTTCAATGATGAGAACCTGCGCATAGTGGTGGCTGACCTGTTCTCTGCCGGGATGGTGACCACCTCGACCACGCTGGCCTGGGGCCTCCTGCTCATGATCCTACATCCGGATGTGCAGC
 ,Intron 6-7,22,42127841,42127635,,,207,gtgagcccatctgggaaacagtgca..........attgtggggacgcatgtctgtccag
7,ENSE00003620241,22,42127634,42127447,1,0,188,GCCGTGTCCAACAGGAGATCGACGACGTGATAGGGCAGGTGCGGCGACCAGAGATGGGTGACCAGGCTCACATGCCCTACACCACTGCCGTGATTCATGAGGTGCAGCGCTTTGGGGACATCGTCCCCCTGGGTGTGACCCATATGACATCCCGTGACATCGAAGTACAGGGCTTCCGCATCCCTAAG
 ,Intron 7-8,22,42127446,42126993,,,454,gtaggcctggcgccctcctcacccc..........ctctcaccctgcatctcctgcccag
8,ENSE00003681032,22,42126992,42126851,0,1,142,GGAACGACACTCATCACCAACCTGTCATCGGTGCTGAAGGATGAGGCCGTCTGGGAGAAGCCCTTCCGCTTCCACCCCGAACACTTCCTGGATGCCCAGGGCCACTTTGTGAAGCCGGAGGCCTTCCTGCCTTTCTCAGCAG
 ,Intron 8-9,22,42126850,42126753,,,98,gtgcctgtggggagcccggctccct..........actgacgcccctcccctccccacag
9,ENSE00003678781,22,42126752,42126499,1,-,254,GCCGCCGTGCATGCCTCGGGGAGCCCCTGGCCCGCATGGAGCTCTTCCTCTTCTTCACCTCCCTGCTGCAGCACTTCAGCTTCTCGGTGCCCACTGGACAGCCCCGGCCCAGCCACCATGGTGTCTTTGCTTTCCTGGTGAGCCCATCCCCCTATGAGCTTTGTGCTGTGCCCCGCTAGAATGGGGTACCTAGTCCCCAGCCTGCTCCCTAGCCAGAGGCTCTAATGTACAATAAAGCAATGTGGTAGTTCCAA
,3' downstream sequence,22,,,,,,ctcgggtcccctgctcacgccctcgttgggatcatcctcctcagggcaac..........