No.,Exon / Intron,Chrom,Start,End,Start Phase,End Phase,Length,Sequence
,5' upstream sequence,10,,,,,,..........agtccactcagaaaaaaagtataaattggatctaggtgattgtttacttt
1,ENSE00002186511,10,95069497,95069235,-,0,263,ACATGTCAAAGAGACACACACTAAATTAGCAGGGAGTGTTATAAAAACTTTGGAGTGCAAGCTCACAGCTGTCTTAATAAGAAGAGAAGGCTTCAATGGAACCTTTTGTGGTCCTGGTGCTGTGTCTCTCTTTTATGCTTCTCTTTTCACTCTGGAGACAGAGCTGTAGGAGAAGGAAGCTCCCTCCTGGCCCCACTCCTCTTCCTATTATTGGAAATATGCTACAGATAGATGTTAAGGACATCTGCAAATCTTTCACCAAT
 ,Intron 1-2,10,95069234,95067692,,,1543,gtaagtctgccttatgttcctccag..........ctgctatttgcatttcctttcccag
2,ENSE00003649095,10,95067691,95067529,0,1,163,TTCTCAAAAGTCTATGGTCCTGTGTTCACCGTGTATTTTGGCATGAATCCCATAGTGGTGTTTCATGGATATGAGGCAGTGAAGGAAGCCCTGATTGATAATGGAGAGGAGTTTTCTGGAAGAGGCAATTCCCCAATATCTCAAAGAATTACTAAAGGACTTG
 ,Intron 2-3,10,95067528,95067358,,,171,gtaggtgcacatatttctgtgtcag..........cagtttctgcccctttttttattag
3,ENSE00003588097,10,95067357,95067208,1,1,150,GAATCATTTCCAGCAATGGAAAGAGATGGAAGGAGATCCGGCGTTTCTCCCTCACAACCTTGCGGAATTTTGGGATGGGGAAGAGGAGCATTGAGGACCGTGTTCAAGAGGAAGCTCACTGCCTTGTGGAGGAGTTGAGAAAAACCAAGG
 ,Intron 3-4,10,95067207,95064961,,,2247,gtgggtgactctactctgcgtcatt..........tttttaaaaatttttaaatctttag
4,ENSE00003584515,10,95064960,95064800,1,0,161,CTTCACCCTGTGATCCCACTTTCATCCTGGGCTGTGCTCCCTGCAATGTGATCTGCTCCGTTGTTTTCCAGAAACGATTTGATTATAAAGATCAGAATTTTCTCACCCTGATGAAAAGATTCAATGAAAACTTCAGGATTCTGAACTCCCCATGGATCCAG
 ,Intron 4-5,10,95064799,95058512,,,6288,gtaaggccaagattttattttcctt..........tatttaatattcttttctcttttag
5,ENSE00003583382,10,95058511,95058335,0,0,177,GTCTGCAATAATTTCCCTCTACTCATTGATTGTTTCCCAGGAACTCACAACAAAGTGCTTAAAAATGTTGCTCTTACACGAAGTTACATTAGGGAGAAAGTAAAAGAACACCAAGCATCACTGGATGTTAACAATCCTCGGGACTTTATCGATTGCTTCCTGATCAAAATGGAGCAG
 ,Intron 5-6,10,95058334,95045952,,,12383,gtaagatattagcaacagatcagta..........gataattgcatgaaatcacttctag
6,ENSE00003619515,10,95045951,95045810,0,1,142,GAAAAGGACAACCAAAAGTCAGAATTCAATATTGAAAACTTGGTTGGCACTGTAGCTGATCTATTTGTTGCTGGAACAGAGACAACAAGCACCACTCTGAGATATGGACTCCTGCTCCTGCTGAAGCACCCAGAGGTCACAG
 ,Intron 6-7,10,95045809,95043078,,,2732,gtaggaccacagatgatgaacaaag..........tcagttctttcttgtgtcttgtcag
7,ENSE00003677965,10,95043077,95042890,1,0,188,CTAAAGTCCAGGAAGAGATTGATCATGTAATTGGCAGACACAGGAGCCCCTGCATGCAGGATAGGAGCCACATGCCTTACACTGATGCTGTAGTGCACGAGATCCAGAGATACAGTGACCTTGTCCCCACCGGTGTGCCCCATGCAGTGACCACTGATACTAAGTTCAGAAACTACCTCATCCCCAAG
 ,Intron 7-8,10,95042889,95039039,,,3851,gtaagcttgtttctcttacactata..........agattatctgttttgttacttccag
8,ENSE00003466092,10,95039038,95038897,0,1,142,GGCACAACCATAATGGCATTACTGACTTCCGTGCTACATGATGACAAAGAATTTCCTAATCCAAATATCTTTGACCCTGGCCACTTTCTAGATAAGAATGGCAACTTTAAGAAAAGTGACTACTTCATGCCTTTCTCAGCAG
 ,Intron 8-9,10,95038896,95037310,,,1587,gtaatagaaactcgtttccatttgt..........tacttcctttctttgttatcttcag
9,ENSE00003593839,10,95037309,95036772,1,-,538,GAAAACGAATTTGTGCAGGAGAAGGACTTGCCCGCATGGAGCTATTTTTATTTCTAACCACAATTTTACAGAACTTTAACCTGAAATCTGTTGATGATTTAAAGAACCTCAATACTACTGCAGTTACCAAAGGGATTGTTTCTCTGCCACCCTCATACCAGATCTGCTTCATCCCTGTCTGAAGAATGCTAGCCCATCTGGCTGCCGATCTGCTATCACCTGCAACTCTTTTTTTATCAAGGACATTCCCACTATTATGTCTTCTCTGACCTCTCATCAAATCTTCCCATTCACTCAATATCCCATAAGCATCCAAACTCCATTAAGGAGAGTTGTTCAGGTCACTGCACAAATATATCTGCAATTATTCATACTCTGTAACACTTGTATTAATTGCTGCATATGCTAATACTTTTCTAATGCTGACTTTTTAATATGTTATCACTGTAAAACACAGAAAAGTGATTAATGAATGATAATTTAGATCCATTTCTTTTGTGAATGTGCTAAATAAAAAGTGTTATTAATTGCTGGTTCA
,3' downstream sequence,10,,,,,,gttctcagactttccctcttttgtgcataatgcaagaaataaagaaaaga..........