No.,Exon / Intron,Chrom,Start,End,Start Phase,End Phase,Length,Sequence
,5' upstream sequence,7,,,,,,..........cctgcctccttctccagcacataaatctttcagcagcttggctgaagact
1,ENSE00003620637,7,99679996,99679826,-,2,171,GCTGTGCAGGGCAGGGAAGCTCCAGGCAAACAGCCCAGCAAACAGCAGCACTCAGCTAAAAGGAAGACTCACAGAACACAGTTGAAGAAGGAAAGTGGCGATGGACCTCATCCCAAATTTGGCGGTGGAAACCTGGCTTCTCCTGGCTGTCAGCCTGGTGCTCCTCTATCT
 ,Intron 1-2,7,99679825,99676209,,,3617,gtgagtaactgtccaaactcctctc..........acctgatttctgtttcactttgtag
2,ENSE00003567838,7,99676208,99676115,2,0,94,ATATGGGACCCGTACACATGGACTTTTTAAGAGACTGGGAATTCCAGGGCCCACACCTCTGCCTTTGTTGGGAAATGTTTTGTCCTATCGTCAG
 ,Intron 2-3,7,99676114,99674586,,,1529,gtgagttgcttgagcttcctctttt..........acttgtattttgtttcctctcccag
3,ENSE00003476604,7,99674585,99674533,0,2,53,GGTCTCTGGAAATTTGACACAGAGTGCTATAAAAAGTATGGAAAAATGTGGGG
 ,Intron 3-4,7,99674532,99672680,,,1853,gtgagtattctgaaaacctccattg..........aatcagctccgttgtccccacacag
4,ENSE00003690910,7,99672679,99672580,2,0,100,AACGTATGAAGGTCAACTCCCTGTGCTGGCCATCACAGATCCCGACGTGATCAGAACAGTGCTAGTGAAAGAATGTTATTCTGTCTTCACAAATCGAAGG
 ,Intron 4-5,7,99672579,99667066,,,5514,gtaagcatccattttttgaaattta..........aaaaaatgtttctgttgaactctag
5,ENSE00003520008,7,99667065,99666952,0,0,114,TCTTTAGGCCCAGTGGGATTTATGAAAAGTGCCATCTCTTTAGCTGAGGATGAAGAATGGAAGAGAATACGGTCATTGCTGTCTCCAACCTTCACCAGCGGAAAACTCAAGGAG
 ,Intron 5-6,7,99666951,99666690,,,262,gtatgaaaataagatgagtcttaat..........aggtactgatctgttttgtgcttag
6,ENSE00003604856,7,99666689,99666601,0,2,89,ATGTTCCCCATCATTGCCCAGTATGGAGATGTATTGGTGAGAAACTTGAGGCGGGAAGCAGAGAAAGGCAAGCCTGTCACCTTGAAAGA
 ,Intron 6-7,7,99666600,99665315,,,1286,gtaagtaggagcacagccatggggt..........attttccatatctttctccactcag
7,ENSE00003582326,7,99665314,99665166,2,1,149,CATCTTTGGGGCCTACAGCATGGATGTGATTACTGGCACATCATTTGGAGTGAACATCGACTCTCTCAACAATCCACAAGACCCCTTTGTGGAGAGCACTAAGAAGTTCCTAAAATTTGGTTTCTTAGATCCATTATTTCTCTCAATAA
 ,Intron 7-8,7,99665165,99664096,,,1070,gtatgtgggctattatttctttctc..........tttgtttgttttgtttttcccacag
8,ENSE00003488439,7,99664095,99663968,1,0,128,TACTCTTTCCATTCCTTACCCCAGTTTTTGAAGCATTAAATGTCTCTCTGTTTCCAAAAGATACCATAAATTTTTTAAGTAAATCTGTAAACAGAATGAAGAAAAGTCGCCTCAACGACAAACAAAAG
 ,Intron 8-9,7,99663967,99662883,,,1085,gtaaaatctgatggtggttaaatga..........aagaaatctctccttttgcttctag
9,ENSE00003517661,7,99662882,99662816,0,1,67,CACCGACTAGATTTCCTTCAGCTGATGATTGACTCCCAGAATTCGAAAGAAACTGAGTCCCACAAAG
 ,Intron 9-10,7,99662815,99660660,,,2156,gtaaccaaggagtgcttctgagggc..........taaaatgtctttcctctcctttcag
10,ENSE00003476809,7,99660659,99660499,1,0,161,CTCTGTCTGATCTGGAGCTCGCAGCCCAGTCAATAATCTTCATTTTTGCTGGCTATGAAACCACCAGCAGTGTTCTTTCCTTCACTTTATATGAACTGGCCACTCACCCTGATGTCCAGCAGAAACTGCAAAAGGAGATTGATGCAGTTTTGCCCAATAAG
 ,Intron 10-11,7,99660498,99652780,,,7719,gtgaggggatgacccctggagatga..........tccaattctgtttctttccttccag
11,ENSE00003583387,7,99652779,99652553,0,2,227,GCACCACCTACCTATGATGCCGTGGTACAGATGGAGTACCTTGACATGGTGGTGAATGAAACACTCAGATTATTCCCAGTTGCTATTAGACTTGAGAGGACTTGCAAGAAAGATGTTGAAATCAATGGGGTATTCATTCCCAAAGGGTCAATGGTGGTGATTCCAACTTATGCTCTTCACCATGACCCAAAGTACTGGACAGAGCCTGAGGAGTTCCGCCCTGAAAG
 ,Intron 11-12,7,99652552,99650233,,,2320,gtacaagtctccagggaaatggagc..........atttaatctaccaatatggaactag
12,ENSE00003462743,7,99650232,99650073,2,0,160,GTTCAGTAAGAAGAAGGACAGCATAGATCCTTACATATACACACCCTTTGGAACTGGACCCAGAAACTGCATTGGCATGAGGTTTGCTCTCATGAACATGAAACTTGCTCTAATCAGAGTCCTTCAGAACTTCTCCTTCAAACCTTGTAAAGAAACACAG
 ,Intron 12-13,7,99650072,99648401,,,1672,gtcagtacactttctgtatgtttta..........ccatatgcttgtttaactattgtag
13,ENSE00001865277,7,99648400,99648194,0,-,207,ATCCCCTTGAAATTAGACACGCAAGGACTTCTTCAACCAGAAAAACCCATTGTTCTAAAGGTGGATTCAAGAGATGGAACCCTAAGTGGAGAATGAGTTATTCTAAGGATTTCTACTTTGGTCTTCAAGAAAGCTGTGCCCCAGAACACCAGAGATTTCAACTTAGTCAATAAAACCTTGAAATAAAGATGGGCTTAATCTAATGTA
,3' downstream sequence,7,,,,,,ctgcatgagtagttggtgattttgtacattcattgagctctcccagagtc..........