No.,Exon / Intron,Chrom,Start,End,Start Phase,End Phase,Length,Sequence
,5' upstream sequence,7,,,,,,..........gccctgcctccttctctagcatataaacaatccaacagcctcactgaatc
1,ENSE00002497209,7,99784184,99784011,-,2,174,ACTGCTGTGCAGGGCAGGAAAGCTCCATGCACATAGCCCAGCAAAGAGCAACACAGAGCTGAAAGGAAGACTCAGAGGAGAGAGATAAGTAAGGAAAGTAGTGATGGCTCTCATCCCAGACTTGGCCATGGAAACCTGGCTTCTCCTGGCTGTCAGCCTGGTGCTCCTCTATCT
 ,Intron 1-2,7,99784010,99780086,,,3925,gtgagtaactgtccaggctcctctt..........acttgatttctgtttcactttgtag
2,ENSE00002499614,7,99780085,99779992,2,0,94,ATATGGAACCCATTCACATGGACTTTTTAAGAAGCTTGGAATTCCAGGGCCCACACCTCTGCCTTTTTTGGGAAATATTTTGTCCTACCATAAG
 ,Intron 2-3,7,99779991,99778081,,,1911,gtgagtgtttttgagctcactcttt..........aatattattttgtttctcctcccag
3,ENSE00003628574,7,99778080,99778028,0,2,53,GGCTTTTGTATGTTTGACATGGAATGTCATAAAAAGTATGGAAAAGTGTGGGG
 ,Intron 3-4,7,99778027,99772690,,,5338,gtgagtattctggaaacttccattg..........aatcaactctgtttttttcacacag
4,ENSE00003474032,7,99772689,99772590,2,0,100,CTTTTATGATGGTCAACAGCCTGTGCTGGCTATCACAGATCCTGACATGATCAAAACAGTGCTAGTGAAAGAATGTTATTCTGTCTTCACAAACCGGAGG
 ,Intron 4-5,7,99772589,99770236,,,2354,gtaagcattcatgtgttgaaattaa..........aaaatgtttctgctttgaactctag
5,ENSE00003604860,7,99770235,99770122,0,0,114,CCTTTTGGTCCAGTGGGATTTATGAAAAGTGCCATCTCTATAGCTGAGGATGAAGAATGGAAGAGATTACGATCATTGCTGTCTCCAACCTTCACCAGTGGAAAACTCAAGGAG
 ,Intron 5-6,7,99770121,99769857,,,265,gtatgaaaataacatgagttttaat..........gggtggtgttgtgttttgtgcttag
6,ENSE00002527926,7,99769856,99769768,0,2,89,ATGGTCCCTATCATTGCCCAGTATGGAGATGTGTTGGTGAGAAATCTGAGGCGGGAAGCAGAGACAGGCAAGCCTGTCACCTTGAAAGA
 ,Intron 6-7,7,99769767,99768503,,,1265,gtaagtagaagcgcagccatggggt..........attttccacatctttctccactcag
7,ENSE00002718292,7,99768502,99768354,2,1,149,CGTCTTTGGGGCCTACAGCATGGATGTGATCACTAGCACATCATTTGGAGTGAACATCGACTCTCTCAACAATCCACAAGACCCCTTTGTGGAAAACACCAAGAAGCTTTTAAGATTTGATTTTTTGGATCCATTCTTTCTCTCAATAA
 ,Intron 7-8,7,99768353,99767259,,,1095,gtatgtggactactatttcctttta..........tgtttttgttttgtttttcctacag
8,ENSE00002499538,7,99767258,99767131,1,0,128,CAGTCTTTCCATTCCTCATCCCAATTCTTGAAGTATTAAATATCTGTGTGTTTCCAAGAGAAGTTACAAATTTTTTAAGAAAATCTGTAAAAAGGATGAAAGAAAGTCGCCTCGAAGATACACAAAAG
 ,Intron 8-9,7,99767130,99766444,,,687,gtaaaatgtggtggtagttatagga..........gtgaaatttctctttttgcttctag
9,ENSE00002504817,7,99766443,99766377,0,1,67,CACCGAGTGGATTTCCTTCAGCTGATGATTGACTCTCAGAATTCAAAAGAAACTGAGTCCCACAAAG
 ,Intron 9-10,7,99766376,99764016,,,2361,gtaaccagagtgtttctgagggcta..........taaaatgtctttcctctcctttcag
10,ENSE00002515593,7,99764015,99763855,1,0,161,CTCTGTCCGATCTGGAGCTCGTGGCCCAATCAATTATCTTTATTTTTGCTGGCTATGAAACCACGAGCAGTGTTCTCTCCTTCATTATGTATGAACTGGCCACTCACCCTGATGTCCAGCAGAAACTGCAGGAGGAAATTGATGCAGTTTTACCCAATAAG
 ,Intron 10-11,7,99763854,99762268,,,1587,gtgagtggatggtacatggagaagg..........tccaaatctgtttcgttctttccag
11,ENSE00002510012,7,99762267,99762041,0,2,227,GCACCACCCACCTATGATACTGTGCTACAGATGGAGTATCTTGACATGGTGGTGAATGAAACGCTCAGATTATTCCCAATTGCTATGAGACTTGAGAGGGTCTGCAAAAAAGATGTTGAGATCAATGGGATGTTCATTCCCAAAGGGGTGGTGGTGATGATTCCAAGCTATGCTCTTCACCGTGACCCAAAGTACTGGACAGAGCCTGAGAAGTTCCTCCCTGAAAG
 ,Intron 11-12,7,99762040,99760982,,,1059,gtacaaggcccctgggaagggagcc..........taaaaatctaccaacgtggaaccag
12,ENSE00002436830,7,99760981,99760819,2,0,163,ATTCAGCAAGAAGAACAAGGACAACATAGATCCTTACATATACACACCCTTTGGAAGTGGACCCAGAAACTGCATTGGCATGAGGTTTGCTCTCATGAACATGAAACTTGCTCTAATCAGAGTCCTTCAGAACTTCTCCTTCAAACCTTGTAAAGAAACACAG
 ,Intron 12-13,7,99760818,99758229,,,2590,gttagtcaattttctataaaaataa..........caatatgcttgtttaactgttgcag
13,ENSE00003849134,7,99758228,99756967,0,-,1262,ATCCCCCTGAAATTAAGCTTAGGAGGACTTCTTCAACCAGAAAAACCCGTTGTTCTAAAGGTTGAGTCAAGGGATGGCACCGTAAGTGGAGCCTGAATTTTCCTAAGGACTTCTGCTTTGCTCTTCAAGAAATCTGTGCCTGAGAACACCAGAGACCTCAAATTACTTTGTGAATAGAACTCTGAAATGAAGATGGGCTTCATCCAATGGACTGCATAAATAACCGGGGATTCTGTACATGCATTGAGCTCTCTCATTGTCTGTGTAGAGTGTTATACTTGGGAATATAAAGGAGGTGACCAAATCAGTGTGAGGAGGTAGATTTGGCTCCTCTGCTTCTCACGGGACTATTTCCACCACCCCCAGTTAGCACCATTAACTCCTCCTGAGCTCTGATAAGAGAATCAACATTTCTCAATAATTTCCTCCACAAATTATTAATGAAAATAAGAATTATTTTGATGGCTCTAACAATGACATTTATATCACATGTTTTCTCTGGAGTATTCTATAAGTTTTATGTTAAATCAATAAAGACCACTTTACAAAAGTATTATCAGATGCTTTCCTGCACATTAAGGAGAAATCTATAGAACTGAATGAGAACCAACAAGTAAATATTTTTGGTCATTGTAATCACTGTTGGCGTGGGGCCTTTGTCAGAACTAGAATTTGATTATTAACATAGGTGAAAGTTAATCCACTGTGACTTTGCCCATTGTTTAGAAAGAATATTCATAGTTTAATTATGCCTTTTTTGATCAGGCACAGTGGCTCACGCCTGTAATCCTAGCAGTTTGGGAGGCTGAGCCGGGTGGATCGCCTGAGGTCAGGAGTTCAAGACAAGCCTGGCCTACATGGTTGAAACCCCATCTCTACTAAAAATACACAAATTAGCTAGGCATGGTGGACTCGCCTGTAATCTCACTACACAGGAGGCTGAGGCAGGAGAATCACTTGAACCTGGGAGGCGGATGTTGAAGTGAGCTGAGATTGCACCACTGCACTCCAGTCTGGGTGAGAGTGAGACTCAGTCTTAAAAAAATATGCCTTTTTGAAGCACGTACATTTTGTAACAAAGAACTGAAGCTCTTATTATATTATTAGTTTTGATTTAATGTTTTCAGCCCATCTCCTTTCATATTTCTGGGAGACAGAAAACATGTTTCCCTACACCTCTTGCATTCCATCCTCAACACCCAACTGTCTCGATGCAATGAACACTTAATAAAAAACAGTCGATTGGTCAATTGATTGAGCAA
,3' downstream sequence,7,,,,,,taagcctaaaagcactcattccttttcttttccaaattcttcctttattt..........