No.,Exon / Intron,Chrom,Start,End,Start Phase,End Phase,Length,Sequence
,5' upstream sequence,19,,,,,,..........agccctcccacagcctttgctatatcaagggccagggtcaaaggcctccc
1,ENSE00001347751,19,15898074,15898026,-,-,49,AGCAGACAGAGAGAGGAGGTTGTCTGGGACAGACTGCTCCTGACAGAAG
 ,Intron 1-2,19,15898025,15897613,,,413,gtgccaggctgggggtggcaggcct..........accgtccatcccgtctgccctgcag
2,ENSE00003706400,19,15897612,15897414,-,0,199,GATGTCCCAGCTGAGCCTGTCCTGGCTGGGCCTCTGGCCAGTGGCAGCATCCCCTTGGCTGCTCCTCCTGCTGGTCGGGGCCTCCTGGCTCCTGGCCCATGTCCTGGCCTGGACCTACGCCTTCTATGACAACTGCCGCCGCCTTCGGTGTTTCCCACAACCCCCAAGACGGAACTGGTTTTGGGGACACCAGGGCATG
 ,Intron 2-3,19,15897413,15895651,,,1763,gtgagtgtggcagcaggatgggtct..........gtaatgacccctgccttgcttgcag
3,ENSE00003637585,19,15895650,15895506,0,1,145,GTCAACCCCACAGAGGAGGGCATGAGAGTTCTGACTCAGCTGGTGGCCACCTACCCCCAGGGCTTTAAGGTCTGGATGGGACCCATCTCCCCCCTCCTCAGTTTGTGCCACCCCGACATCATCCGGTCTGTCATCAACGCCTCAG
 ,Intron 3-4,19,15895505,15892583,,,2923,gtaccatctggaacagctggtgggg..........ccctgattgtcctcatttatgtcag
4,ENSE00003725631,19,15892582,15892529,1,1,54,CTGCCATTGCACCAAAGGACAAGTTCTTCTACAGCTTCCTGGAGCCCTGGCTGG
 ,Intron 4-5,19,15892528,15892437,,,92,gtgagtatctgcaggtgaacagggt..........ccatggcccttggctgccctgctag
5,ENSE00003728011,19,15892436,15892309,1,0,128,GGGATGGGCTCCTGCTGAGTGCTGGTGACAAGTGGAGCCGCCACCGTCGGATGCTGACGCCTGCCTTCCATTTCAACATCCTGAAGCCCTATATGAAGATTTTCAATGAGAGTGTGAACATCATGCAC
 ,Intron 5-6,19,15892308,15890434,,,1875,gtgagttatttgaagccaaggtccc..........cagctctgtccccttctctggctag
6,ENSE00003501262,19,15890433,15890312,0,2,122,GCCAAGTGGCAGCTCCTGGCCTCAGAGGGTAGTGCCTGTTTGGATATGTTTGAGCACATCAGCCTCATGACCTTGGACAGTCTACAGAAATGTGTCTTCAGCTTTGACAGCCATTGTCAGGA
 ,Intron 6-7,19,15890311,15889694,,,618,gtaagttcttgcccaggatctggga..........ctccctttctgcccttatcctgcag
7,ENSE00003529909,19,15889693,15889423,2,0,271,GAAACCCAGTGAATATATTGCCGCCATCTTGGAGCTCAGTGCCCTTGTATCAAAAAGACACCATGAGATCCTCCTGCATATTGACTTCCTGTATTATCTCACCCCTGATGGGCAGCGTTTCCGCAGGGCCTGCCGCCTGGTGCACGACTTCACAGATGCCGTCATCCAGGAGCGGCGCCGCACTCTCCCTAGCCAGGGTGTTGATGACTTCCTCCAAGCCAAGGCCAAATCCAAGACTTTGGACTTCATTGATGTACTCCTGCTGAGCAAG
 ,Intron 7-8,19,15889422,15886309,,,3114,gtgggcctctctgggatctgaattc..........gggggggttactgccttctctccag
8,ENSE00003589764,19,15886308,15886242,0,1,67,GATGAAGACGGGAAGAAGTTATCTGATGAGGACATAAGAGCAGAAGCTGACACCTTTATGTTTGAGG
 ,Intron 8-9,19,15886241,15886054,,,188,gtgagggccccagtgtggggctaga..........ccaagcctgccttgctgccccccag
9,ENSE00003507172,19,15886053,15885924,1,2,130,GCCATGACACCACGGCCAGTGGTCTCTCCTGGGTCCTGTACCACCTTGCAAAGCACCCAGAATACCAGGAGCGCTGCCGGCAGGAGGTGCAAGAACTTCTGAAGGACCGTGAGCCTAAAGAGATTGAATG
 ,Intron 9-10,19,15885923,15879898,,,6026,gtgagtgcaggtgcttgtggcctct..........gattggggctggggtgtttccttag
10,ENSE00003482602,19,15879897,15879764,2,1,134,GGACGACCTGGCCCATTTGCCCTTCCTGACCATGTGCATGAAGGAGAGCCTGCGGCTGCATCCCCCAGTCCCGGTCATCTCCCGCCATGTCACCCAGGACATTGTGCTCCCAGACGGCCGGGTCATCCCCAAAG
 ,Intron 10-11,19,15879763,15879669,,,95,gtgctcacagcctcacggggaggag..........ctgactgctcccttctctcccacag
11,ENSE00003625290,19,15879668,15879604,1,0,65,GCATTATCTGCCTCATCAGTGTTTTCGGAACCCATCACAACCCAGCTGTGTGGCCGGACCCTGAG
 ,Intron 11-12,19,15879603,15879429,,,175,gtgcggggcccctctctctgttttt..........caacccttcttggtctcacctccag
12,ENSE00003634431,19,15879428,15879346,0,2,83,GTCTACGACCCCTTTCGCTTTGACCCAGAGAACATCAAGGAGAGGTCACCTCTGGCTTTTATTCCCTTCTCGGCAGGGCCCAG
 ,Intron 12-13,19,15879345,15878937,,,409,gtaagggcggcctgtgtctgaggtg..........cagagttcccacctccctcccctag
13,ENSE00001666499,19,15878936,15878023,2,-,914,GAACTGCATCGGGCAGACGTTCGCGATGGCGGAGATGAAGGTGGTCCTGGCGCTCACGCTGCTGCGCTTCCGCGTCCTGCCTGACCACACCGAGCCCCGCAGGAAGCCGGAGCTGGTCCTGCGCGCAGAGGGCGGACTTTGGCTGCGGGTGGAGCCCCTGAGCTGAGTTCTGCAGAGACCCACTCTGACCCCACTAAAATGACCCCTGATTCATCAAAAGTGAAGCCTAGAATTACCCTAAGACCCTGTTCCACAGTCCTGTATTCCATCCTAGATATCTACTCAAAATAATTGAGACAAGTGTTCAAACAGAAAGACGCTTGTGCGTGAATGTTCATGGCGGCCCTATTCACAGTAGCCAAACGATGAAAACAACCCCAAGCTATATATTACCAGATGAAAGGATAAACAAAATGTGGTCCATCCATACAATGGAGTATTACACAGCCATAAAAAGGAATGAAGCAGTGATCCCTACTACACTGTGGATGAACCTTGAATGCATGATACTGAATGAAAGACGTCAGATGCAAAAGGTCACATAGTGTACTGTCCTTTTATACGAAATTTCCAGAACAGGCCAATCTGAAGAGATGCATAGCGGATTGGTGGCTTTCAGCAGCTGTGGGGAGGTGGGACTGAGGAGCGACTGCTAATCAGTATGGGGTTTCCTCCCGGGATGGTGAAAATGTTCCGGACCTAGATAGTGACGAAGGTAGCACGACACTGTGAGTGCACTAAATGCTATTGAATTGGACACTTTGAAATGGTGAATTTCGTGGTATGTGAATTCTACCTCAATCAAAAAAATTTGCTATTTTATCTCACATACATTTTTTTTCTGTCCAGGTTGTTCATATAATAATATGCTGTGAGCATCTTTCCATGACATTAAATCATCTTAGGAAACATTA
,3' downstream sequence,19,,,,,,ttttgtggtcctcaaaatgtgtgtgttaagtgttcaaatcagtcttaatt..........