"No.","Exon / Intron","Start","End","Start Phase","End Phase","Length","Sequence"
"","5' upstream sequence","","","","","","                            ..........ccgggggcgttgccgccccgcgcccgctccgcccccgcgccgccggccct                "
"1","ENSE00001844147","97,921,034","97,920,884","-","0","151","                            AGTCTGCCTGTTTTCGACTCGCGCTCCGGCTGCTGTCACTTGGCTCTCTGGCTGGAGCTTGAGGACGCAAGGAGGGTTTGTCACTGGCAGACTCGAGACTGTAGGCACTGCCATGGCCCCTGTGCTCAGTAAGGACTCGGCGGACATCGAG                                             "
" ","Intron 1-2","97,920,883","97,883,375","","","37,509","                            gtacggacttcgcgccggctcgtcg..........tacacattgtttatgctgtctttag                "
"2","ENSE00003527026","97,883,374","97,883,264","0","0","111","                            AGTATCCTGGCTTTAAATCCTCGAACACAAACTCATGCAACTCTGTGTTCCACTTCGGCCAAGAAATTAGACAAGAAACATTGGAAAAGAAATCCTGATAAGAACTGCTTT                         "
" ","Intron 2-3","97,883,263","97,828,197","","","55,067","                            gtaagtaccactgatacactatttc..........aatgcaatttttaaatatgttgcag                "
"3","ENSE00001761942","97,828,196","97,828,114","0","2","83","                            AATTGTGAGAAGCTGGAGAATAATTTTGATGACATCAAGCACACGACTCTTGGTGAGCGAGGAGCTCTCCGAGAAGCAATGAG                                                     "
" ","Intron 3-4","97,828,113","97,740,480","","","87,634","                            gtaagtctgggtcaccatagcaaca..........ttaacatagttattttatttcctag                "
"4","ENSE00001337292","97,740,479","97,740,392","2","0","88","                            ATGCCTGAAATGTGCAGATGCCCCGTGTCAGAAGAGCTGTCCAACTAATCTTGATATTAAATCATTCATCACAAGTATTGCAAACAAG                                                "
" ","Intron 4-5","97,740,391","97,721,672","","","18,720","                            gtaaattcagatttaactctgcaaa..........attttattttgtattaattttgcag                "
"5","ENSE00001175981","97,721,671","97,721,510","0","0","162","                            AACTATTATGGAGCTGCTAAGATGATATTTTCTGACAACCCACTTGGTCTGACTTGTGGAATGGTATGTCCAACCTCTGATCTTTGTGTAGGTGGATGCAATTTATATGCCACTGAAGAGGGACCCATTAATATTGGTGGATTGCAGCAATTTGCTACTGAG                                  "
" ","Intron 5-6","97,721,509","97,699,548","","","21,962","                            gtatgtatgatatacacgtgacatc..........accatgacaattgatttccccgtag                "
"6","ENSE00003676911","97,699,547","97,699,351","0","2","197","                            GTATTCAAAGCAATGAGTATCCCACAGATCAGAAATCCTTCGCTGCCTCCCCCAGAAAAAATGTCTGAAGCCTATTCTGCAAAGATTGCTCTTTTTGGTGCTGGGCCTGCAAGTATAAGTTGTGCTTCCTTTTTGGCTCGATTGGGGTACTCTGACATCACTATATTTGAAAAACAAGAATATGTTGGTGGTTTAAG                                                           "
" ","Intron 6-7","97,699,350","97,691,799","","","7,552","                            gtaatgcctacatttatttcatgtt..........gtttttctttctcctttcttttcag                "
"7","ENSE00001428755","97,691,798","97,691,717","2","0","82","                            TACTTCTGAAATTCCTCAGTTCCGGCTGCCGTATGATGTAGTGAATTTTGAGATTGAGCTAATGAAGGACCTTGGTGTAAAG                                                      "
" ","Intron 7-8","97,691,716","97,679,183","","","12,534","                            gtaaatgaaaaaaacacctatctgt..........ttatgcaaaatattgtttcttatag                "
"8","ENSE00001429819","97,679,182","97,679,095","0","1","88","                            ATAATTTGCGGTAAAAGCCTTTCAGTGAATGAAATGACTCTTAGCACTTTGAAAGAAAAAGGCTACAAAGCTGCTTTCATTGGAATAG                                                "
" ","Intron 8-9","97,679,094","97,595,167","","","83,928","                            gtgagtagtttactcttaaatatat..........atattttataaatttgattacttag                "
"9","ENSE00001430871","97,595,166","97,595,059","1","1","108","                            GTTTGCCAGAACCCAATAAAGATGCCATCTTCCAAGGCCTGACGCAGGACCAGGGGTTTTATACATCCAAAGACTTTTTGCCACTTGTAGCCAAAGGCAGTAAAGCAG                            "
" ","Intron 9-10","97,595,058","97,593,388","","","1,671","                            gtataacatattgtcttttatgctt..........atggggttttcctttcatcattcag                "
"10","ENSE00001431920","97,593,387","97,593,218","1","0","170","                            GAATGTGCGCCTGTCACTCTCCATTGCCATCGATACGGGGAGTCGTGATTGTACTTGGAGCTGGAGACACTGCCTTTGACTGTGCAACATCTGCTCTACGTTGTGGAGCTCGCCGTGTGTTCATCGTCTTCAGAAAAGGCTTTGTTAATATAAGAGCTGTCCCTGAGGAG                          "
" ","Intron 10-11","97,593,217","97,573,971","","","19,247","                            gtaaaatggaaccatcagaaaatat..........tcttctctgttctgttttgttttag                "
"11","ENSE00001433514","97,573,970","97,573,760","0","1","211","                            ATGGAACTTGCTAAGGAAGAAAAGTGTGAATTTCTGCCATTCCTGTCCCCACGGAAGGTTATAGTAAAAGGTGGGAGAATTGTTGCTATGCAGTTTGTTCGGACAGAGCAAGATGAAACTGGAAAATGGAATGAAGATGAAGATCAGATGGTCCATCTGAAAGCCGATGTGGTCATCAGTGCCTTTGGTTCAGTTCTGAGTGATCCTAAAG                                             "
" ","Intron 11-12","97,573,759","97,549,745","","","24,015","                            gtacagtgctgggagctgaaatgtg..........tattgtttttcacttgttttttcag                "
"12","ENSE00001416589","97,549,744","97,549,560","1","0","185","                            TAAAAGAAGCCTTGAGCCCTATAAAATTTAACAGATGGGGTCTCCCAGAAGTAGATCCAGAAACTATGCAAACTAGTGAAGCATGGGTATTTGCAGGTGGTGATGTCGTTGGTTTGGCTAACACTACAGTGGAATCGGTGAATGATGGAAAGCAAGCTTCTTGGTACATTCACAAATACGTACAG                                                                       "
" ","Intron 12-13","97,549,559","97,515,942","","","33,618","                            gtaggcatttgccatcatttccact..........ccaagtattggtttgtattttgcag                "
"13","ENSE00001175948","97,515,941","97,515,726","0","0","216","                            TCACAATATGGAGCTTCCGTTTCTGCCAAGCCTGAACTACCCCTCTTTTACACTCCTATTGATCTGGTGGACATTAGTGTAGAAATGGCCGGATTGAAGTTTATAAATCCTTTTGGTCTTGCTAGCGCAACTCCAGCCACCAGCACATCAATGATTCGAAGAGCTTTTGAAGCTGGATGGGGTTTTGCCCTCACCAAAACTTTCTCTCTTGATAAG                                        "
" ","Intron 13-14","97,515,725","97,450,224","","","65,502","                            gtaagaaaatattattgaagtcata..........ctcaatatctttactctttcatcag                "
"14","ENSE00001067066","97,450,223","97,450,059","0","0","165","                            GACATTGTGACAAATGTTTCCCCCAGAATCATCCGGGGAACCACCTCTGGCCCCATGTATGGCCCTGGACAAAGCTCCTTTCTGAATATTGAGCTCATCAGTGAGAAAACGGCTGCATATTGGTGTCAAAGTGTCACTGAACTAAAGGCTGACTTTCCAGACAAC                               "
" ","Intron 14-15","97,450,058","97,382,462","","","67,597","                            gtaagtgtgatttaacatctaaaac..........tattcttttgtttttctttttaaag                "
"15","ENSE00001175939","97,382,461","97,382,393","0","0","69","                            ATTGTGATTGCTAGCATTATGTGCAGTTACAATAAAAATGACTGGACGGAACTTGCCAAGAAGTCTGAG                                                                   "
" ","Intron 15-16","97,382,392","97,373,645","","","8,748","                            gtaatggttactttagtatatattt..........tttcattttcctttcttgtttaaag                "
"16","ENSE00001293694","97,373,644","97,373,561","0","0","84","                            GATTCTGGAGCAGATGCCCTGGAGTTAAATTTATCATGTCCACATGGCATGGGAGAAAGAGGAATGGGCCTGGCCTGTGGGCAG                                                    "
" ","Intron 16-17","97,373,560","97,306,298","","","67,263","                            gtaaggaccttgacagctgccacta..........atatttaaccgacctatttgaacag                "
"17","ENSE00001401691","97,306,297","97,306,177","0","1","121","                            GATCCAGAGCTGGTGCGGAACATCTGCCGCTGGGTTAGGCAAGCTGTTCAGATTCCTTTTTTTGCCAAGCTGACCCCAAATGTCACTGATATTGTGAGCATCGCAAGAGCTGCAAAGGAAG                                                                           "
" ","Intron 17-18","97,306,176","97,305,379","","","798","                            gtaagaacttgacttgaatcagttg..........gaaaatgttgatgtgtcttgcatag                "
"18","ENSE00001402719","97,305,378","97,305,259","1","1","120","                            GTGGTGCCAATGGCGTTACAGCCACCAACACTGTCTCAGGTCTGATGGGATTAAAATCTGATGGCACACCTTGGCCAGCAGTGGGGATTGCAAAGCGAACTACATATGGAGGAGTGTCTG                "
" ","Intron 18-19","97,305,258","97,234,995","","","70,264","                            gtaggtgttgcccacttcttgcatt..........cattgattattctgattttgtgtag                "
"19","ENSE00001248261","97,234,994","97,234,852","1","0","143","                            GGACAGCAATCAGACCTATTGCTTTGAGAGCTGTGACCTCCATTGCTCGTGCTCTGCCTGGATTTCCCATTTTGGCTACTGGTGGAATTGACTCTGCTGAAAGTGGTCTTCAGTTTCTCCATAGTGGTGCTTCCGTCCTCCAG                                                     "
" ","Intron 19-20","97,234,851","97,193,249","","","41,603","                            gtagtcattgtgtttgtctgtccct..........tggttgactgctctgtcttttctag                "
"20","ENSE00001179015","97,193,248","97,193,069","0","0","180","                            GTATGCAGTGCCATTCAGAATCAGGATTTCACTGTGATCGAAGACTACTGCACTGGCCTCAAAGCCCTGCTTTATCTGAAAAGCATTGAAGAACTACAAGACTGGGATGGACAGAGTCCAGCTACTGTGAGTCACCAGAAAGGGAAACCAGTTCCACGTATAGCTGAACTCATGGACAAG                "
" ","Intron 20-21","97,193,068","97,098,633","","","94,436","                            gtatgtgcttaaatctcctgtgtta..........ccttatttgtgtgttttccttttag                "
"21","ENSE00001003444","97,098,632","97,098,489","0","0","144","                            AAACTGCCAAGTTTTGGACCTTATCTGGAACAGCGCAAGAAAATCATAGCAGAAAACAAGATTAGACTGAAAGAACAAAATGTAGCTTTTTCACCACTTAAGAGAAACTGTTTTATCCCCAAAAGGCCTATTCCTACCATCAAG                                                    "
" ","Intron 21-22","97,098,488","97,082,471","","","16,018","                            gtaaaaattatgccaactatataag..........taagtaattcagtggctatttttag                "
"22","ENSE00001067062","97,082,470","97,082,330","0","0","141","                            GATGTAATAGGAAAAGCACTGCAGTACCTTGGAACATTTGGTGAATTGAGCAACGTAGAGCAAGTTGTGGCTATGATTGATGAAGAAATGTGTATCAACTGTGGTAAATGCTACATGACCTGTAATGATTCTGGCTACCAG                                                       "
" ","Intron 22-23","97,082,329","97,079,147","","","3,183","                            gtaagaatcctgctggaattagaat..........caataccctctatttctgtttgcag                "
"23","ENSE00001837520","97,079,146","97,077,743","0","-","1,404","                            GCTATACAGTTTGATCCAGAAACCCACCTGCCCACCATAACCGACACTTGTACAGGCTGTACTCTGTGTCTCAGTGTTTGCCCTATTGTCGACTGCATCAAAATGGTTTCCAGGACAACACCTTATGAACCAAAGAGAGGCGTACCCTTATCTGTGAATCCGGTGTGTTAAGGTGATTTGTGAAACAGTTGCTGTGAACTTTCATGTCACCTACATATGCTGATCTTTTAAAATCATGATCCTTGTGTTCAGCTCTTTCCAAATTAAAACAAATATACATTTTCTAAATAAAAATATGTAATTTCAAAATACATTTGTAAGTGTAAAAAATGTCTCATGTCAATGACCATTCAATTAGTGGTCATAAAATAGAATAATTCTTTTCTGAGGATAGTAGTTAAATAACTGTGTGGCAGTTAATTGGATGTTCACTGCCAGTTGTCTTATGTGAAAAATTAACTTTTTTGTGGCAATTAGTGTGACAGTTTCCAAATTGCCCTATGCTGTGCTCCATATTTGATTTCTAATTGTAAGTGAAATTAAGCATTTTGAAACAAAGTACTCTTTAACATACAAGAAAATGTATCCAAGGAAACATTTTATCATTAAAAATTACCTTTAATTTTAATGCTGTTTCTAAGAAAATGTAGTTAGCTCCATAAAGTACAAATGAAGAAAGTCAAAAAATTATTTGCTATGGCAGGATAAGAAAGCCTAAAATTGAGTTTGTAGAACTTTATTAAGTAAAATCCCCTTCGCTGAAATTGCTTATTTTTGGTGTTGGATAGAGGATAGGGAGAATATTTACTAACTAAATACCATTCACTACTCATGCGTGAGATGGGTGTACAAACTCATCCTCTTTTAATGGCATTTCTCTTTAAACTATGTTCCTAACAAAATGAGATGATAGGATAGATCCTGGTTACCACTCTTTTGCTGTGCACATACGGGCTCTGACTGGTTTTAATAGTCACCTTCATGATTATAGCAACTAATGTTTGAACAAAGCTCAAAGTATGCAATGCTTCATTATTCAAGAATGAAAAATATAATGTTGATAATATATATTAAGTGTGCCAAATCAGTTTGACTACTCTCTGTTTTAGTGTTTATGTTTAAAAGAAATATATTTTTTGTTATTATTAGATAATATTTTTGTATTTCTCTATTTTCATAATCAGTAAATAGTGTCATATAAACTCATTTATCTCCTCTTCATGGCATCTTCAATATGAATCTATAAGTAGTAAATCAGAAAGTAACAATCTATGGCTTATTTCTATGACAAATTCAAGAGCTAGAAAAATAAAATGTTTCATTATGCACTTTTAGAAATGCATATTTGCCACAAAACCTGTATTACTGAATAATATCAAATAAAATATCATAAAGCATTTTAAA                                                    "
"","3' downstream sequence","","","","","","                            tatggtcttttgctgcctcatttgcaaatataatttcatataaacaattt..........                "
