No.,Exon / Intron,Chrom,Start,End,Start Phase,End Phase,Length,Sequence
,5' upstream sequence,11,,,,,,..........cctccctcccgcgctccccgcgctcgggcgccgcagagctgtccagcttc
1,ENSE00002282098,11,113475398,113475076,-,-,323,AGTGCCGAACCGGCAGCCTCACGCGCGCACCGCGCCGCCTCCGCCCCGTCCCCGCGCTCCCTCCTGCCCGCCCGCCCCGCGCCCGGCCCCGCCCCGCCCCGCCCCGCCGCGGCCCGTCCACTGCTCCCCGCGGGCCAGAGCCGGCCGAGCTGCTGCCCGCCGGGGCTCTGAACGGCGCGGCGGGGCCGGGAGCCAGGGACCGGCCGAGGAGAGTGGCGGCCCCGGACGGCTGCCGGAGGGGCGGCCGCGCGTGGATGCGGCGGGAGCTGGAAGCCTCAAGCAGCCGGCGCCGTCTCTGCCCCCGGGCGCCCTATGGCTTGAAG
 ,Intron 1-2,11,113475075,113424683,,,50393,gtaagcaccggccggatggagcggc..........ccttgtgtccatttttcctggccag
2,ENSE00003665261,11,113424682,113424367,-,0,316,AGCCTGGCCACCCAGTGGCTCCACCGCCCTGATGGATCCACTGAATCTGTCCTGGTATGATGATGATCTGGAGAGGCAGAACTGGAGCCGGCCCTTCAACGGGTCAGACGGGAAGGCGGACAGACCCCACTACAACTACTATGCCACACTGCTCACCCTGCTCATCGCTGTCATCGTCTTCGGCAACGTGCTGGTGTGCATGGCTGTGTCCCGCGAGAAGGCGCTGCAGACCACCACCAACTACCTGATCGTCAGCCTCGCAGTGGCCGACCTCCTCGTCGCCACACTGGTCATGCCCTGGGTTGTCTACCTGGAG
 ,Intron 2-3,11,113424366,113418137,,,6230,gtaggtgggccccctgcttgctcca..........atccattatgttgctttgtccccag
3,ENSE00003641994,11,113418136,113418027,0,2,110,GTGGTAGGTGAGTGGAAATTCAGCAGGATTCACTGTGACATCTTCGTCACTCTGGACGTCATGATGTGCACGGCGAGCATCCTGAACTTGTGTGCCATCAGCATCGACAG
 ,Intron 3-4,11,113418026,113417000,,,1027,gtgagcccagccagggtggaagagg..........gattcagggtcccccgcccttgcag
4,ENSE00003790357,11,113416999,113416863,2,1,137,GTACACAGCTGTGGCCATGCCCATGCTGTACAATACGCGCTACAGCTCCAAGCGCCGGGTCACCGTCATGATCTCCATCGTCTGGGTCCTGTCCTTCACCATCTCCTGCCCACTCCTCTTCGGACTCAATAACGCAG
 ,Intron 4-5,11,113416862,113415612,,,1251,gtacattctgcttttgtttgcctga..........cctgcccgggctctccctcccccag
5,ENSE00003518665,11,113415611,113415421,1,0,191,ACCAGAACGAGTGCATCATTGCCAACCCGGCCTTCGTGGTCTACTCCTCCATCGTCTCCTTCTACGTGCCCTTCATTGTCACCCTGCTGGTCTACATCAAGATCTACATTGTCCTCCGCAGACGCCGCAAGCGAGTCAACACCAAACGCAGCAGCCGAGCTTTCAGGGCCCACCTGAGGGCTCCACTAAAG
 ,Intron 5-6,11,113415420,113414462,,,959,gtctcaagacaccccccaaccaact..........acccatgtgctggctcactccacag
6,ENSE00003475700,11,113414461,113414375,0,0,87,GGCAACTGTACTCACCCCGAGGACATGAAACTCTGCACCGTTATCATGAAGTCTAATGGGAGTTTCCCAGTGAACAGGCGGAGAGTG
 ,Intron 6-7,11,113414374,113412884,,,1491,gtaagtgctcaggccagggacccag..........ccagagccctctgcctctggtgcag
7,ENSE00001247012,11,113412883,113412556,0,1,328,GAGGCTGCCCGGCGAGCCCAGGAGCTGGAGATGGAGATGCTCTCCAGCACCAGCCCACCCGAGAGGACCCGGTACAGCCCCATCCCACCCAGCCACCACCAGCTGACTCTCCCCGACCCGTCCCACCATGGTCTCCACAGCACTCCCGACAGCCCCGCCAAACCAGAGAAGAATGGGCATGCCAAAGACCACCCCAAGATTGCCAAGATCTTTGAGATCCAGACCATGCCCAATGGCAAAACCCGGACCTCCCTCAAGACCATGAGCCGTAGGAAGCTCTCCCAGCAGAAGGAGAAGAAAGCCACTCAGATGCTCGCCATTGTTCTCG
 ,Intron 7-8,11,113412555,113410921,,,1635,gtgagtcggccctggctgctggcca..........agcctgaccatgccctctcccccag
8,ENSE00003850884,11,113410920,113409605,1,-,1316,GCGTGTTCATCATCTGCTGGCTGCCCTTCTTCATCACACACATCCTGAACATACACTGTGACTGCAACATCCCGCCTGTCCTGTACAGCGCCTTCACGTGGCTGGGCTATGTCAACAGCGCCGTGAACCCCATCATCTACACCACCTTCAACATTGAGTTCCGCAAGGCCTTCCTGAAGATCCTCCACTGCTGACTCTGCTGCCTGCCCGCACAGCAGCCTGCTTCCCACCTCCCTGCCCAGGCCGGCCAGCCTCACCCTTGCGAACCGTGAGCAGGAAGGCCTGGGTGGATCGGCCTCCTCTTCACCCCGGCAGGCCCTGCAGTGTTCGCTTGGCTCCATGCTCCTCACTGCCCGCACACCCTCACTCTGCCAGGGCAGTGCTAGTGAGCTGGGCATGGTACCAGCCCTGGGGCTGGGCCCCCCAGCTCAGGGGCAGCTCATAGAGTCCCCCCTCCCACCTCCAGTCCCCCTATCCTTGGCACCAAAGATGCAGCCGCCTTCCTTGACCTTCCTCTGGGGCTCTAGGGTTGCTGGAGCCTGAGTCAGGGCCCAGAGGCTGAGTTTTCTCTTTGTGGGGCTTGGCGTGGAGCAGGCGGTGGGGAGAGATGGACAGTTCACACCCTGCAAGGCCCACAGGAGGCAAGCAAGCTCTCTTGCCGAGGAGCCAGGCAACTTCAGTCCTGGGAGACCCATGTAAATACCAGACTGCAGGTTGGACCCCAGAGATTCCCAAGCCAAAAACCTTAGCTCCCTCCCGCACCCCGATGTGGACCTCTACTTTCCAGGCTAGTCCGGACCCACCTCACCCCGTTACAGCTCCCCAAGTGGTTTCCACATGCTCTGAGAAGAGGAGCCCTCATCTTGAAGGGCCCAGGAGGGTCTATGGGGAGAGGAACTCCTTGGCCTAGCCCACCCTGCTGCCTTCTGACGGCCCTGCAATGTATCCCTTCTCACAGCACATGCTGGCCAGCCTGGGGCCTGGCAGGGAGGTCAGGCCCTGGAACTCTATCTGGGCCTGGGCTAGGGGACATCAGAGGTTCTTTGAGGGACTGCCTCTGCCACACTCTGACGCAAAACCACTTTCCTTTTCTATTCCTTCTGGCCTTTCCTCTCTCCTGTTTCCCTTCCCTTCCACTGCCTCTGCCTTAGAGGAGCCCACGGCTAAGAGGCTGCTGAAAACCATCTGGCCTGGCCTGGCCCTGCCCTGAGGAAGGAGGGGAAGCTGCAGCTTGGGAGAGCCCCTGGGGCCTAGACTCTGTAACATCACTATCCATGCACCAAACTAATAAAACTTTGACGAGTCACCTTCCAGGA
,3' downstream sequence,11,,,,,,cccctgggtagaaggcagcagtgccacttctgtgcttggcattcaagtat..........