No.,Exon / Intron,Chrom,Start,End,Start Phase,End Phase,Length,Sequence
,5' upstream sequence,7,,,,,,..........ggtccctcctcctcccgccctgcctccccgcgcctcggcccgcgcgagct
1,ENSE00001841347,7,55019017,55019365,-,1,349,AGACGTCCGGGCAGCCCCCGGCGCAGCGCGGCCGCAGCAGCCTCCGCCCCCCGCACGGTGTGAGCGCCCGACGCGGCCGAGGCGGCCGGAGTCCCGAGCTAGCCCCGGCGGCCGCCGCCGCCCAGACCGGACGACAGGCCACCTCGTCGGCGTCCGCCCGAGTCCCCGCCTCGCCGCCAACGCCACAACCACCGCGCACGGCCCCCTGACTCCGTCCAGTATTGATCGGGAGAGCCGGAGCGAGCTCTTCGGGGAGCAGCGATGCGACCCTCCGGGACGGCCGGGGCAGCGCTCCTGGCGCTGCTGGCTGCGCTCTGCCCGGCGAGTCGGGCTCTGGAGGAAAAGAAAG
 ,Intron 1-2,7,55019366,55142285,,,122920,gtaagggcgtgtctcgccggctccc..........tgtgatatctgtctttttcttccag
2,ENSE00003541288,7,55142286,55142437,1,0,152,TTTGCCAAGGCACGAGTAACAAGCTCACGCAGTTGGGCACTTTTGAAGATCATTTTCTCAGCCTCCAGAGGATGTTCAATAACTGTGAGGTGGTCCTTGGGAATTTGGAAATTACCTATGTGCAGAGGAATTATGATCTTTCCTTCTTAAAG
 ,Intron 2-3,7,55142438,55143304,,,867,gttggtgactttgattttcctacac..........acgcatttatgttttctcttcttag
3,ENSE00001704157,7,55143305,55143488,0,1,184,ACCATCCAGGAGGTGGCTGGTTATGTCCTCATTGCCCTCAACACAGTGGAGCGAATTCCTTTGGAAAACCTGCAGATCATCAGAGGAAATATGTACTACGAAAATTCCTATGCCTTAGCAGTCTTATCTAACTATGATGCAAATAAAACCGGACTGAAGGAGCTGCCCATGAGAAATTTACAGG
 ,Intron 3-4,7,55143489,55146605,,,3117,gtgagaggctgggatgccaaggctg..........tcaccgcagttccattctcccgcag
4,ENSE00001798125,7,55146606,55146740,1,1,135,AAATCCTGCATGGCGCCGTGCGGTTCAGCAACAACCCTGCCCTGTGCAACGTGGAGAGCATCCAGTGGCGGGACATAGTCAGCAGTGACTTTCTCAGCAACATGTCGATGGACTTCCAGAACCACCTGGGCAGCT
 ,Intron 4-5,7,55146741,55151293,,,4553,gtaagtgtcgcatacacactatctc..........tgcatctattacttttacatttcag
5,ENSE00001683983,7,55151294,55151362,1,1,69,GCCAAAAGTGTGATCCAAGCTGTCCCAATGGGAGCTGCTGGGGTGCAGGAGAGGAGAACTGCCAGAAAC
 ,Intron 5-6,7,55151363,55152545,,,1183,gtaagtcagtgaacagcctcagacc..........acagggaacctttgctctttttcag
6,ENSE00001652975,7,55152546,55152664,1,0,119,TGACCAAAATCATCTGTGCCCAGCAGTGCTCCGGGCGCTGCCGTGGCAAGTCCCCCAGTGACTGCTGCCACAACCAGTGTGCTGCAGGCTGCACAGGCCCCCGGGAGAGCGACTGCCTG
 ,Intron 6-7,7,55152665,55154010,,,1346,gtaagatgcccctccagcagcctcc..........ccagcgtgtcctctctcctccatag
7,ENSE00001623732,7,55154011,55154152,0,1,142,GTCTGCCGCAAATTCCGAGACGAAGCCACGTGCAAGGACACCTGCCCCCCACTCATGCTCTACAACCCCACCACGTACCAGATGGATGTGAACCCCGAGGGCAAATACAGCTTTGGTGCCACCTGCGTGAAGAAGTGTCCCC
 ,Intron 7-8,7,55154153,55155829,,,1677,gtgagtcctcctctgtgggccctct..........cttcctttcatgctctcttccccag
8,ENSE00001751179,7,55155830,55155946,1,1,117,GTAATTATGTGGTGACAGATCACGGCTCGTGCGTCCGAGCCTGTGGGGCCGACAGCTATGAGATGGAGGAAGACGGCGTCCGCAAGTGTAAGAAGTGCGAAGGGCCTTGCCGCAAAG
 ,Intron 8-9,7,55155947,55156532,,,586,gtaggaagcccgccggtgtgcggac..........atacacgtctctcttatctctgcag
9,ENSE00001084929,7,55156533,55156659,1,2,127,TGTGTAACGGAATAGGTATTGGTGAATTTAAAGACTCACTCTCCATAAATGCTACGAATATTAAACACTTCAAAAACTGCACCTCCATCAGTGGCGATCTCCACATCCTGCCGGTGGCATTTAGGGG
 ,Intron 9-10,7,55156660,55156758,,,99,gtgagtcacaggttcagttgcttgt..........ataatcaccctgttgtttgtttcag
10,ENSE00001084931,7,55156759,55156832,2,1,74,TGACTCCTTCACACATACTCCTCCTCTGGATCCACAGGAACTGGATATTCTGAAAACCGTAAAGGAAATCACAG
 ,Intron 10-11,7,55156833,55157662,,,830,gtttgagctgaattatcacatgaat..........ctgaagtctttcatctgccttacag
11,ENSE00001084926,7,55157663,55157753,1,2,91,GGTTTTTGCTGATTCAGGCTTGGCCTGAAAACAGGACGGACCTCCATGCCTTTGAGAACCTAGAAATCATACGCGGCAGGACCAAGCAACA
 ,Intron 11-12,7,55157754,55160138,,,2385,gtaagttgaccacagccaaagcctg..........atgatttttcttctctccaatgtag
12,ENSE00001084941,7,55160139,55160338,2,1,200,TGGTCAGTTTTCTCTTGCAGTCGTCAGCCTGAACATAACATCCTTGGGATTACGCTCCCTCAAGGAGATAAGTGATGGAGATGTGATAATTTCAGGAAACAAAAATTTGTGCTATGCAAATACAATAAACTGGAAAAAACTGTTTGGGACCTCCGGTCAGAAAACCAAAATTATAAGCAACAGAGGTGAAAACAGCTGCA
 ,Intron 12-13,7,55160339,55161498,,,1160,gtaagtcaccgctttctgtttagtt..........gctgtgacccactctgtctccgcag
13,ENSE00001084939,7,55161499,55161631,1,2,133,AGGCCACAGGCCAGGTCTGCCATGCCTTGTGCTCCCCCGAGGGCTGCTGGGGCCCGGAGCCCAGGGACTGCGTCTCTTGCCGGAATGTCAGCCGAGGCAGGGAATGCGTGGACAAGTGCAACCTTCTGGAGGG
 ,Intron 13-14,7,55161632,55163732,,,2101,gtaggaggttatttctttaatcccc..........acgggtttcctcttcctcctctcag
14,ENSE00001084927,7,55163733,55163823,2,0,91,TGAGCCAAGGGAGTTTGTGGAGAACTCTGAGTGCATACAGTGCCACCCAGAGTGCCTGCCTCAGGCCATGAACATCACCTGCACAGGACGG
 ,Intron 14-15,7,55163824,55165279,,,1456,gtaagagccccttgctgctatccac..........aacatttttctccaccttggtgcag
15,ENSE00001627115,7,55165280,55165437,0,2,158,GGACCAGACAACTGTATCCAGTGTGCCCACTACATTGACGGCCCCCACTGCGTCAAGACCTGCCCGGCAGGAGTCATGGGAGAAAACAACACCCTGGTCTGGAAGTACGCAGACGCCGGCCATGTGTGCCACCTGTGCCATCCAAACTGCACCTACGG
 ,Intron 15-16,7,55165438,55171174,,,5737,gtgagtggaaagtgaaggagaacag..........tatatttctctttcacttcctacag
16,ENSE00001768076,7,55171175,55171213,2,2,39,ATGCACTGGGCCAGGTCTTGAAGGCTGTCCAACGAATGG
 ,Intron 16-17,7,55171214,55172982,,,1769,gtaagtgttcacagctctgtgtcac..........tccttgttcctccacctcattccag
17,ENSE00002684637,7,55172983,55173124,2,0,142,GCCTAAGATCCCGTCCATCGCCACTGGGATGGTGGGGGCCCTCCTCTTGCTGCTGGTGGTGGCCCTGGGGATCGGCCTCTTCATGCGAAGGCGCCACATCGTTCGGAAGCGCACGCTGCGGAGGCTGCTGCAGGAGAGGGAG
 ,Intron 17-18,7,55173125,55173920,,,796,gtgagtgccagtcctgggtgggctc..........gtctctgtgttcttgtcccccccag
18,ENSE00001778519,7,55173921,55174043,0,0,123,CTTGTGGAGCCTCTTACACCCAGTGGAGAAGCTCCCAACCAAGCTCTCTTGAGGATCTTGAAGGAAACTGAATTCAAAAAGATCAAAGTGCTGGGCTCCGGTGCGTTCGGCACGGTGTATAAG
 ,Intron 18-19,7,55174044,55174721,,,678,gtaaggtccctggcacaggcctctg..........cgtcttccttctctctctgtcatag
19,ENSE00001756460,7,55174722,55174820,0,0,99,GGACTCTGGATCCCAGAAGGTGAGAAAGTTAAAATTCCCGTCGCTATCAAGGAATTAAGAGAAGCAACATCTCCGAAAGCCAACAAGGAAATCCTCGAT
 ,Intron 19-20,7,55174821,55181292,,,6472,gtgagtttctgctttgctgtgtggg..........ctgacgtgcctctccctccctccag
20,ENSE00001601336,7,55181293,55181478,0,0,186,GAAGCCTACGTGATGGCCAGCGTGGACAACCCCCACGTGTGCCGCCTGCTGGGCATCTGCCTCACCTCCACCGTGCAGCTCATCACGCAGCTCATGCCCTTCGGCTGCCTCCTGGACTATGTCCGGGAACACAAAGACAATATTGGCTCCCAGTACCTGCTCAACTGGTGTGTGCAGATCGCAAAG
 ,Intron 20-21,7,55181479,55191718,,,10240,gtaatcagggaagggagatacgggg..........cacagcagggtcttctctgtttcag
21,ENSE00001681524,7,55191719,55191874,0,0,156,GGCATGAACTACTTGGAGGACCGTCGCTTGGTGCACCGCGACCTGGCAGCCAGGAACGTACTGGTGAAAACACCGCAGCATGTCAAGATCACAGATTTTGGGCTGGCCAAACTGCTGGGTGCGGAAGAGAAAGAATACCATGCAGAAGGAGGCAAA
 ,Intron 21-22,7,55191875,55192765,,,891,gtaaggaggtggctttaggtcagcc..........ctgcctcatctctcaccatcccaag
22,ENSE00001631695,7,55192766,55192841,0,1,76,GTGCCTATCAAGTGGATGGCATTGGAATCAATTTTACACAGAATCTATACCCACCAGAGTGATGTCTGGAGCTACG
 ,Intron 22-23,7,55192842,55198716,,,5875,gtgagtcataatcctgatgctaatg..........ttcttttcttgcttcatcctctcag
23,ENSE00003625684,7,55198717,55198863,1,1,147,GGGTGACTGTTTGGGAGTTGATGACCTTTGGATCCAAGCCATATGACGGAATCCCTGCCAGCGAGATCTCCTCCATCCTGGAGAAAGGAGAACGCCTCCCTCAGCCACCCATATGTACCATCGATGTCTACATGATCATGGTCAAGT
 ,Intron 23-24,7,55198864,55200315,,,1452,gtgagtgactggtgggtctgtccac..........ctgttttttctcattccttccccag
24,ENSE00001790701,7,55200316,55200413,1,0,98,GCTGGATGATAGACGCAGATAGTCGCCCAAAGTTCCGTGAGTTGATCATCGAATTCTCCAAAATGGCCCGAGACCCCCAGCGCTACCTTGTCATTCAG
 ,Intron 24-25,7,55200414,55201187,,,774,gtacaaattgcagtctgtgcttcca..........aatagcctcaaaatctctgcaccag
25,ENSE00001801208,7,55201188,55201355,0,0,168,GGGGATGAAAGAATGCATTTGCCAAGTCCTACAGACTCCAACTTCTACCGTGCCCTGATGGATGAAGAAGACATGGACGACGTGGTGGATGCCGACGAGTACCTCATCCCACAGCAGGGCTTCTTCAGCAGCCCCTCCACGTCACGGACTCCCCTCCTGAGCTCTCTG
 ,Intron 25-26,7,55201356,55201734,,,379,gtatgaaatctctgtctctctctct..........ggcaacttctctgtttctttttcag
26,ENSE00001773562,7,55201735,55201782,0,0,48,AGTGCAACCAGCAACAATTCCACCGTGGCTTGCATTGATAGAAATGGG
 ,Intron 26-27,7,55201783,55202516,,,734,gtatgtatgaacaccttataagcca..........aaccttccctcatttcctcctgcag
27,ENSE00001795780,7,55202517,55202625,0,1,109,CTGCAAAGCTGTCCCATCAAGGAAGACAGCTTCTTGCAGCGATACAGCTCAGACCCCACAGGCGCCTTGACTGAGGACAGCATAGACGACACCTTCCTCCCAGTGCCTG
 ,Intron 27-28,7,55202626,55205255,,,2630,gtgagtggcttgtctggaaacagtc..........acctctgatttctttccactttcag
28,ENSE00001245887,7,55205256,55211628,1,-,6373,AATACATAAACCAGTCCGTTCCCAAAAGGCCCGCTGGCTCTGTGCAGAATCCTGTCTATCACAATCAGCCTCTGAACCCCGCGCCCAGCAGAGACCCACACTACCAGGACCCCCACAGCACTGCAGTGGGCAACCCCGAGTATCTCAACACTGTCCAGCCCACCTGTGTCAACAGCACATTCGACAGCCCTGCCCACTGGGCCCAGAAAGGCAGCCACCAAATTAGCCTGGACAACCCTGACTACCAGCAGGACTTCTTTCCCAAGGAAGCCAAGCCAAATGGCATCTTTAAGGGCTCCACAGCTGAAAATGCAGAATACCTAAGGGTCGCGCCACAAAGCAGTGAATTTATTGGAGCATGACCACGGAGGATAGTATGAGCCCTAAAAATCCAGACTCTTTCGATACCCAGGACCAAGCCACAGCAGGTCCTCCATCCCAACAGCCATGCCCGCATTAGCTCTTAGACCCACAGACTGGTTTTGCAACGTTTACACCGACTAGCCAGGAAGTACTTCCACCTCGGGCACATTTTGGGAAGTTGCATTCCTTTGTCTTCAAACTGTGAAGCATTTACAGAAACGCATCCAGCAAGAATATTGTCCCTTTGAGCAGAAATTTATCTTTCAAAGAGGTATATTTGAAAAAAAAAAAAAGTATATGTGAGGATTTTTATTGATTGGGGATCTTGGAGTTTTTCATTGTCGCTATTGATTTTTACTTCAATGGGCTCTTCCAACAAGGAAGAAGCTTGCTGGTAGCACTTGCTACCCTGAGTTCATCCAGGCCCAACTGTGAGCAAGGAGCACAAGCCACAAGTCTTCCAGAGGATGCTTGATTCCAGTGGTTCTGCTTCAAGGCTTCCACTGCAAAACACTAAAGATCCAAGAAGGCCTTCATGGCCCCAGCAGGCCGGATCGGTACTGTATCAAGTCATGGCAGGTACAGTAGGATAAGCCACTCTGTCCCTTCCTGGGCAAAGAAGAAACGGAGGGGATGGAATTCTTCCTTAGACTTACTTTTGTAAAAATGTCCCCACGGTACTTACTCCCCACTGATGGACCAGTGGTTTCCAGTCATGAGCGTTAGACTGACTTGTTTGTCTTCCATTCCATTGTTTTGAAACTCAGTATGCTGCCCCTGTCTTGCTGTCATGAAATCAGCAAGAGAGGATGACACATCAAATAATAACTCGGATTCCAGCCCACATTGGATTCATCAGCATTTGGACCAATAGCCCACAGCTGAGAATGTGGAATACCTAAGGATAGCACCGCTTTTGTTCTCGCAAAAACGTATCTCCTAATTTGAGGCTCAGATGAAATGCATCAGGTCCTTTGGGGCATAGATCAGAAGACTACAAAAATGAAGCTGCTCTGAAATCTCCTTTAGCCATCACCCCAACCCCCCAAAATTAGTTTGTGTTACTTATGGAAGATAGTTTTCTCCTTTTACTTCACTTCAAAAGCTTTTTACTCAAAGAGTATATGTTCCCTCCAGGTCAGCTGCCCCCAAACCCCCTCCTTACGCTTTGTCACACAAAAAGTGTCTCTGCCTTGAGTCATCTATTCAAGCACTTACAGCTCTGGCCACAACAGGGCATTTTACAGGTGCGAATGACAGTAGCATTATGAGTAGTGTGGAATTCAGGTAGTAAATATGAAACTAGGGTTTGAAATTGATAATGCTTTCACAACATTTGCAGATGTTTTAGAAGGAAAAAAGTTCCTTCCTAAAATAATTTCTCTACAATTGGAAGATTGGAAGATTCAGCTAGTTAGGAGCCCACCTTTTTTCCTAATCTGTGTGTGCCCTGTAACCTGACTGGTTAACAGCAGTCCTTTGTAAACAGTGTTTTAAACTCTCCTAGTCAATATCCACCCCATCCAATTTATCAAGGAAGAAATGGTTCAGAAAATATTTTCAGCCTACAGTTATGTTCAGTCACACACACATACAAAATGTTCCTTTTGCTTTTAAAGTAATTTTTGACTCCCAGATCAGTCAGAGCCCCTACAGCATTGTTAAGAAAGTATTTGATTTTTGTCTCAATGAAAATAAAACTATATTCATTTCCACTCTATTATGCTCTCAAATACCCCTAAGCATCTATACTAGCCTGGTATGGGTATGAAAGATACAAAGATAAATAAAACATAGTCCCTGATTCTAAGAAATTCACAATTTAGCAAAGGAAATGGACTCATAGATGCTAACCTTAAAACAACGTGACAAATGCCAGACAGGACCCATCAGCCAGGCACTGTGAGAGCACAGAGCAGGGAGGTTGGGTCCTGCCTGAGGAGACCTGGAAGGGAGGCCTCACAGGAGGATGACCAGGTCTCAGTCAGCGGGGAGGTGGAAAGTGCAGGTGCATCAGGGGCACCCTGACCGAGGAAACAGCTGCCAGAGGCCTCCACTGCTAAAGTCCACATAAGGCTGAGGTCAGTCACCCTAAACAACCTGCTCCCTCTAAGCCAGGGGATGAGCTTGGAGCATCCCACAAGTTCCCTAAAAGTTGCAGCCCCCAGGGGGATTTTGAGCTATCATCTCTGCACATGCTTAGTGAGAAGACTACACAACATTTCTAAGAATCTGAGATTTTATATTGTCAGTTAACCACTTTCATTATTCATTCACCTCAGGACATGCAGAAATATTTCAGTCAGAACTGGGAAACAGAAGGACCTACATTCTGCTGTCACTTATGTGTCAAGAAGCAGATGATCGATGAGGCAGGTCAGTTGTAAGTGAGTCACATTGTAGCATTAAATTCTAGTATTTTTGTAGTTTGAAACAGTAACTTAATAAAAGAGCAAAAGCTATTCTAGCTTTCTTCTTCATATTTTAATTTTCCACCATAAAGTTTAGTTGCTAAATTCTATTAATTTTAAGATTGTGCTTCCCAAAATAGTTCTCACTTCATCTGTCCAGGGAGGCACAGTTCTGTCTGGTAGAAGCCGCAAAGCCCTTAGCCTCTTCACGGATCTGGCGACTGTGATGGGCAGGTCAGGAGAGGAGCTGCCCAAAGTCCCATGATTTTCACCTAACAGCCCTGATCAGTCAGTACTCAAAGCTTGGACTCCATCCCTGAAGGTCTTCCTGATTGATAGCCTGGCCTTAATACCCTACAGAAAGCCTGTCCATTGGCTGTTTCTTCCTCAGTCAGTTCCTGGAAGACCTTACCCCATGACCCCAGCTTCAGATGTGGTCTTTGGAAACAGAGGTCGAAGGAAAGTAAGGAGCTGAGAGCTCACATTCATAGGTGCCGCCAGCCTTCGTGCATCTTCTTGCATCATCTCTAAGGAGCTCCTCTAATTACACCATGCCCGTCACCCCATGAGGGATCAGAGAAGGGATGAGTCTTCTAAACTCTATATTCGCTGTGAGTCCAGGTTGTAAGGGGGAGCACTGTGGATGCATCCTATTGCACTCCAGCTGATGACACCAAAGCTTAGGTGTTTGCTGAAAGTTCTTGATGTTGTGACTTACCACCCCTGCCTCACAACTGCAGACATAAGGGGACTATGGATTGCTTAGCAGGAAAGGCACTGGTTCTCAAGGGCGGCTGCCCTTGGGAATCTTCTGGTCCCAACCAGAAAGACTGTGGCTTGATTTTCTCAGGTGCAGCCCAGCCGTAGGGCCTTTTCAGAGCACCCCCTGGTTATTGCAACATTCATCAAAGTTTCTAGAACCTCTGGCCTAAAGGAAGGGCCTGGTGGGATCTACTTGGCACTCGCTGGGGGGCCACCCCCCAGTGCCACTCTCACTAGGCCTCTGATTGCACTTGTGTAGGATGAAGCTGGTGGGTGATGGGAACTCAGCACCTCCCCTCAGGCAGAAAAGAATCATCTGTGGAGCTTCAAAAGAAGGGGCCTGGAGTCTCTGCAGACCAATTCAACCCAAATCTCGGGGGCTCTTTCATGATTCTAATGGGCAACCAGGGTTGAAACCCTTATTTCTAGGGTCTTCAGTTGTACAAGACTGTGGGTCTGTACCAGAGCCCCCGTCAGAGTAGAATAAAAGGCTGGGTAGGGTAGAGATTCCCATGTGCAGTGGAGAGAACAATCTGCAGTCACTGATAAGCCTGAGACTTGGCTCATTTCAAAAGCGTTCAATTCATCCTCACCAGCAGTTCAGCTGGAAAGGGGCAAATACCCCCACCTGAGCTTTGAAAACGCCCTGGGACCCTCTGCATTCTCTAAGTAAGTTATAGAAACCAGTCTCTTCCCTCCTTTGTGAGTGAGCTGCTATTCCACGTAGGCAACACCTGTTGAAATTGCCCTCAATGTCTACTCTGCATTTCTTTCTTGTGATAAGCACACACTTTTATTGCAACATAATGATCTGCTCACATTTCCTTGCCTGGGGGCTGTAAAACCTTACAGAACAGAAATCCTTGCCTCTTTCACCAGCCACACCTGCCATACCAGGGGTACAGCTTTGTACTATTGAAGACACAGACAGGATTTTTAAATGTAAATCTATTTTTGTAACTTTGTTGCGGGATATAGTTCTCTTTATGTAGCACTGAACTTTGTACAATATATTTTTAGAAACTCATTTTTCTACTAAAACAAACACAGTTTACTTTAGAGAGACTGCAATAGAATCAAAATTTGAAACTGAAATCTTTGTTTAAAAGGGTTAAGTTGAGGCAAGAGGAAAGCCCTTTCTCTCTCTTATAAAAAGGCACAACCTCATTGGGGAGCTAAGCTAGGTCATTGTCATGGTGAAGAAGAGAAGCATCGTTTTTATATTTAGGAAATTTTAAAAGATGATGGAAAGCACATTTAGCTTGGTCTGAGGCAGGTTCTGTTGGGGCAGTGTTAATGGAAAGGGCTCACTGTTGTTACTACTAGAAAAATCCAGTTGCATGCCATACTCTCATCATCTGCCAGTGTAACCCTGTACATGTAAGAAAAGCAATAACATAGCACTTTGTTGGTTTATATATATAATGTGACTTCAATGCAAATTTTATTTTTATATTTACAATTGATATGCATTTACCAGTATAAACTAGACATGTCTGGAGAGCCTAATAATGTTCAGCACACTTTGGTTAGTTCACCAACAGTCTTACCAAGCCTGGGCCCAGCCACCCTAGAGAAGTTATTCAGCCCTGGCTGCAGTGACATCACCTGAGGAGCTTTTAAAAGCTTGAAGCCCAGCTACACCTCAGACCGATTAAACGCAAATCTCTGGGGCTGAAACCCAAGCATTCGTAGTTTTTAAAGCTCCTGAGGTCATTCCAATGTGCGGCCAAAGTTGAGAACTACTGGCCTAGGGATTAGCCACAAGGACATGGACTTGGAGGCAAATTCTGCAGGTGTATGTGATTCTCAGGCCTAGAGAGCTAAGACACAAAGACCTCCACATCTGTCGCTGAGAGTCAAGAACCTGAACAGAGTTTCCATGAAGGTTCTCCAAGCACTAGAAGGGAGAGTGTCTAAACAATGGTTGAAAAGCAAAGGAAATATAAAACAGACACCTCTTTCCATTTCCTAAGGTTTCTCTCTTTATTAAGGGTGGACTAGTAATAAAATATAATATTCTTGCTGCTTATGCAGCTGACATTGTTGCCCTCCCTAAAGCAACCAAGTAGCCTTTATTTCCCACAGTGAAAGAAAACGCTGGCCTATCAGTTACATTACAAAAGGCAGATTTCAAGAGGATTGAGTAAGTAGTTGGATGGCTTTCATAAAAACAAGAATTCAAGAAGAGGATTCATGCTTTAAGAAACATTTGTTATACATTCCTCACAAATTATACCTGGGATAAAAACTATGTAGCAGGCAGTGTGTTTTCCTTCCATGTCTCTCTGCACTACCTGCAGTGTGTCCTCTGAGGCTGCAAGTCTGTCCTATCTGAATTCCCAGCAGAAGCACTAAGAAGCTCCACCCTATCACCTAGCAGATAAAACTATGGGGAAAACTTAAATCTGTGCATACATTTCTGGATGCATTTACTTATCTTTAAAAAAAAAGGAATCCTATGACCTGATTTGGCCACAAAAATAATCTTGCTGTACAATACAATCTCTTGGAAATTAAGAGATCCTATGGATTTGATGACTGGTATTAGAGGTGACAATGTAACCGATTAACAACAGACAGCAATAACTTCGTTTTAGAAACATTCAAGCAATAGCTTTATAGCTTCAACATATGGTACGTTTTAACCTTGAAAGTTTTGCAATGATGAAAGCAGTATTTGTACAAATGAAAAGCAGAATTCTCTTTTATATGGTTTATACTGTTGATCAGAAATGTTGATTGTGCATTGAGTATTAAAAAATTAGATGTATATTATTCATTGTTCTTTACTCCTGAGTACCTTATAATAATAATAATGTATTCTTTGTTAACAA
,3' downstream sequence,7,,,,,,tgccatgttggtactagttattaatcatatctaaccaactgtaggtgttc..........