No.,Exon / Intron,Chrom,Start,End,Start Phase,End Phase,Length,Sequence
,5' upstream sequence,17,,,,,,..........ggaagtataagaatgaagttgtgaagctgagattcccctccattgggacc
1,ENSE00002716631,17,39700080,39700311,-,1,232,GGAGAAACCAGGGGAGCCCCCCGGGCAGCCGCGCGCCCCTTCCCACGGGGCCCTTTACTGCGCCGCGCGCCCGGCCCCCACCCCTCGCAGCACCCCGCGCCCCGCGCCCTCCCAGCCGGGTCCAGCCGGAGCCATGGGGCCGGAGCCGCAGTGAGCACCATGGAGCTGGCGGCCTTGTGCCGCTGGGGGCTCCTCCTCGCCCTCTTGCCCCCCGGAGCCGCGAGCACCCAAG
 ,Intron 1-2,17,39700312,39706989,,,6678,gtgggtctggtgtggggaggggacg..........tgacccatctgctctctcctgccag
2,ENSE00003474439,17,39706990,39707141,1,0,152,TGTGCACCGGCACAGACATGAAGCTGCGGCTCCCTGCCAGTCCCGAGACCCACCTGGACATGCTCCGCCACCTCTACCAGGGCTGCCAGGTGGTGCAGGGAAACCTGGAACTCACCTACCTGCCCACCAATGCCAGCCTGTCCTTCCTGCAG
 ,Intron 2-3,17,39707142,39708320,,,1179,gtgaggcccgtgggcaacccagcca..........gccccactctgcttccccctcccag
3,ENSE00003653182,17,39708321,39708534,0,1,214,GATATCCAGGAGGTGCAGGGCTACGTGCTCATCGCTCACAACCAAGTGAGGCAGGTCCCACTGCAGAGGCTGCGGATTGTGCGAGGCACCCAGCTCTTTGAGGACAACTATGCCCTGGCCGTGCTAGACAATGGAGACCCGCTGAACAATACCACCCCTGTCACAGGGGCCTCCCCAGGAGGCCTGCGGGAGCTGCAGCTTCGAAGCCTCACAG
 ,Intron 3-4,17,39708535,39709317,,,783,gtggccttcaccgtcattgaaacct..........cctctgatcattgctcaccccacag
4,ENSE00003648452,17,39709318,39709452,1,1,135,AGATCTTGAAAGGAGGGGTCTTGATCCAGCGGAACCCCCAGCTCTGCTACCAGGACACGATTTTGTGGAAGGACATCTTCCACAAGAACAACCAGCTGGCTCTCACACTGATAGACACCAACCGCTCTCGGGCCT
 ,Intron 4-5,17,39709453,39709812,,,360,gtaagccatgcccctccctgctgcc..........tgcctgtctctggttctgtcctcag
5,ENSE00003663782,17,39709813,39709881,1,1,69,GCCACCCCTGTTCTCCGATGTGTAAGGGCTCCCGCTGCTGGGGAGAGAGTTCTGAGGATTGTCAGAGCC
 ,Intron 5-6,17,39709882,39710085,,,204,gtgagtctcagggaggcctggagtc..........cctcatcctgccctttgcccaacag
6,ENSE00003605099,17,39710086,39710201,1,0,116,TGACGCGCACTGTCTGTGCCGGTGGCTGTGCCCGCTGCAAGGGGCCACTGCCCACTGACTGCTGCCATGAGCAGTGTGCTGCCGGCTGCACGGGCCCCAAGCACTCTGACTGCCTG
 ,Intron 6-7,17,39710202,39710339,,,138,gtatgtgcctctgctttgtgcccaa..........gaaagccagccacctgtccccccag
7,ENSE00003679402,17,39710340,39710481,0,1,142,GCCTGCCTCCACTTCAACCACAGTGGCATCTGTGAGCTGCACTGCCCAGCCCTGGTCACCTACAACACAGACACGTTTGAGTCCATGCCCAATCCCGAGGGCCGGTATACATTCGGCGCCAGCTGTGTGACTGCCTGTCCCT
 ,Intron 7-8,17,39710482,39711927,,,1446,gtgagtgccagggagaaacacagtt..........ggctacatgttcctgatctccttag
8,ENSE00003572793,17,39711928,39712047,1,1,120,ACAACTACCTTTCTACGGACGTGGGATCCTGCACCCTCGTCTGCCCCCTGCACAACCAAGAGGTGACAGCAGAGGATGGAACACAGCGGTGTGAGAAGTGCAGCAAGCCCTGTGCCCGAG
 ,Intron 8-9,17,39712048,39712321,,,274,gtacccactcactgcccccgaggcc..........tccccacccacccccacctcctcag
9,ENSE00003610105,17,39712322,39712448,1,2,127,TGTGCTATGGTCTGGGCATGGAGCACTTGCGAGAGGTGAGGGCAGTTACCAGTGCCAATATCCAGGAGTTTGCTGGCTGCAAGAAGATCTTTGGGAGCCTGGCATTTCTGCCGGAGAGCTTTGATGG
 ,Intron 9-10,17,39712449,39715285,,,2837,gtaagagtgggcacgatgacctgag..........ctgactcctctcctgacccctccag
10,ENSE00003530664,17,39715286,39715359,2,1,74,GGACCCAGCCTCCAACACTGCCCCGCTCCAGCCAGAGCAGCTCCAAGTGTTTGAGACTCTGGAAGAGATCACAG
 ,Intron 10-11,17,39715360,39715445,,,86,gtgggctctgtctctgcatcctgtt..........ctttaatctcaccctctgcctgcag
11,ENSE00003523294,17,39715446,39715536,1,2,91,GTTACCTATACATCTCAGCATGGCCGGACAGCCTGCCTGACCTCAGCGTCTTCCAGAACCTGCAAGTAATCCGGGGACGAATTCTGCACAA
 ,Intron 11-12,17,39715537,39715739,,,203,gtgagcactgagaaagagggggcct..........taaggtgcccacctttctcccatag
12,ENSE00003625564,17,39715740,39715939,2,1,200,TGGCGCCTACTCGCTGACCCTGCAAGGGCTGGGCATCAGCTGGCTGGGGCTGCGCTCACTGAGGGAACTGGGCAGTGGACTGGCCCTCATCCACCATAACACCCACCTCTGCTTCGTGCACACGGTGCCCTGGGACCAGCTCTTTCGGAACCCGCACCAAGCTCTGCTCCACACTGCCAACCGGCCAGAGGACGAGTGTG
 ,Intron 12-13,17,39715940,39716300,,,361,gtaagacagggagcccagtgtgcgc..........tgcggtcccttcctcctcactgcag
13,ENSE00003564965,17,39716301,39716433,1,2,133,TGGGCGAGGGCCTGGCCTGCCACCAGCTGTGCGCCCGAGGGCACTGCTGGGGTCCAGGGCCCACCCAGTGTGTCAACTGCAGCCAGTTCCTTCGGGGCCAGGAGTGCGTGGAGGAATGCCGAGTACTGCAGGG
 ,Intron 13-14,17,39716434,39716514,,,81,gtatgaggggcggaggagagggtgg..........ccctcaccactgtcccttctctcag
14,ENSE00003675634,17,39716515,39716605,2,0,91,GCTCCCCAGGGAGTATGTGAATGCCAGGCACTGTTTGCCGTGCCACCCTGAGTGTCAGCCCCAGAATGGCTCAGTGACCTGTTTTGGACCG
 ,Intron 14-15,17,39716606,39717319,,,714,gtgagctgctggcgggctcagagct..........cacaaatcttttctgccccccccag
15,ENSE00003632167,17,39717320,39717480,0,2,161,GAGGCTGACCAGTGTGTGGCCTGTGCCCACTATAAGGACCCTCCCTTCTGCGTGGCCCGCTGCCCCAGCGGTGTGAAACCTGACCTCTCCTACATGCCCATCTGGAAGTTTCCAGATGAGGAGGGCGCATGCCAGCCTTGCCCCATCAACTGCACCCACTC
 ,Intron 15-16,17,39717481,39719786,,,2306,gtgagtccaacggtcttttctgcag..........gttgatgagactgtttctcctgcag
16,ENSE00003629888,17,39719787,39719834,2,2,48,CTGTGTGGACCTGGATGACAAGGGCTGCCCCGCCGAGCAGAGAGCCAG
 ,Intron 16-17,17,39719835,39723318,,,3484,gttggcctggaccccaggatgtacc..........ccctgaccctggcttccgcccccag
17,ENSE00003591380,17,39723319,39723457,2,0,139,CCCTCTGACGTCCATCATCTCTGCGGTGGTTGGCATTCTGCTGGTCGTGGTCTTGGGGGTGGTCTTTGGGATCCTCATCAAGCGACGGCAGCAGAAGATCCGGAAGTACACGATGCGGAGACTGCTGCAGGAAACGGAG
 ,Intron 17-18,17,39723458,39723537,,,80,gtgaggcggggtgaagtcctcccag..........ctgacccaccaccccctcaccccag
18,ENSE00003655754,17,39723538,39723660,0,0,123,CTGGTGGAGCCGCTGACACCTAGCGGAGCGATGCCCAACCAGGCGCAGATGCGGATCCTGAAAGAGACGGAGCTGAGGAAGGTGAAGGTGCTTGGATCTGGCGCTTTTGGCACAGTCTACAAG
 ,Intron 18-19,17,39723661,39723911,,,251,gtcagggccaggtcctggggtgggc..........ctcatatcctcctctttctgcccag
19,ENSE00003629275,17,39723912,39724010,0,0,99,GGCATCTGGATCCCTGATGGGGAGAATGTGAAAATTCCAGTGGCCATCAAAGTGTTGAGGGAAAACACATCCCCCAAAGCCAACAAAGAAATCTTAGAC
 ,Intron 19-20,17,39724011,39724725,,,715,gtaagcccctccaccctctcctgct..........cctctcagcgtacccttgtccccag
20,ENSE00003625600,17,39724726,39724911,0,0,186,GAAGCATACGTGATGGCTGGTGTGGGCTCCCCATATGTCTCCCGCCTTCTGGGCATCTGCCTGACATCCACGGTGCAGCTGGTGACACAGCTTATGCCCTATGGCTGCCTCTTAGACCATGTCCGGGAAAACCGCGGACGCCTGGGCTCCCAGGACCTGCTGAACTGGTGTATGCAGATTGCCAAG
 ,Intron 20-21,17,39724912,39725048,,,137,gtatgcacctgggctctttgcaggt..........tctacatgggtgcttcccattccag
21,ENSE00003657083,17,39725049,39725204,0,0,156,GGGATGAGCTACCTGGAGGATGTGCGGCTCGTACACAGGGACTTGGCCGCTCGGAACGTGCTGGTCAAGAGTCCCAACCATGTCAAAATTACAGACTTCGGGCTGGCTCGGCTGCTGGACATTGACGAGACAGAGTACCATGCAGATGGGGGCAAG
 ,Intron 21-22,17,39725205,39725326,,,122,gttaggtgaaggaccaaggagcaga..........aggacttcctcttctgccctcccag
22,ENSE00003580476,17,39725327,39725402,0,1,76,GTGCCCATCAAGTGGATGGCGCTGGAGTCCATTCTCCGCCGGCGGTTCACCCACCAGAGTGATGTGTGGAGTTATG
 ,Intron 22-23,17,39725403,39725706,,,304,gtgtgtgatggggggtgttgggagg..........actcctgaccctgtctctgccttag
23,ENSE00003650103,17,39725707,39725853,1,1,147,GTGTGACTGTGTGGGAGCTGATGACTTTTGGGGCCAAACCTTACGATGGGATCCCAGCCCGGGAGATCCCTGACCTGCTGGAAAAGGGGGAGCGGCTGCCCCAGCCCCCCATCTGCACCATTGATGTCTACATGATCATGGTCAAAT
 ,Intron 23-24,17,39725854,39726561,,,708,gtgcgtggctgagctgtgctggctg..........catgctgacctccctcctgccccag
24,ENSE00003465438,17,39726562,39726659,1,0,98,GTTGGATGATTGACTCTGAATGTCGGCCAAGATTCCGGGAGTTGGTGTCTGAATTCTCCCGCATGGCCAGGGACCCCCAGCGCTTTGTGGTCATCCAG
 ,Intron 24-25,17,39726660,39726814,,,155,gtactgggcctctgtgccccatccc..........catcctgcctctccttcctccacag
25,ENSE00003585058,17,39726815,39727003,0,0,189,AATGAGGACTTGGGCCCAGCCAGTCCCTTGGACAGCACCTTCTACCGCTCACTGCTGGAGGACGATGACATGGGGGACCTGGTGGATGCTGAGGAGTATCTGGTACCCCAGCAGGGCTTCTTCTGTCCAGACCCTGCCCCGGGCGCTGGGGGCATGGTCCACCACAGGCACCGCAGCTCATCTACCAGG
 ,Intron 25-26,17,39727004,39727294,,,291,gtcagtgccctcggtcacactgtgt..........tcatgactttctttcttgtccccag
26,ENSE00003528993,17,39727295,39727547,0,1,253,AGTGGCGGTGGGGACCTGACACTAGGGCTGGAGCCCTCTGAAGAGGAGGCCCCCAGGTCTCCACTGGCACCCTCCGAAGGGGCTGGCTCCGATGTATTTGATGGTGACCTGGGAATGGGGGCAGCCAAGGGGCTGCAAAGCCTCCCCACACATGACCCCAGCCCTCTACAGCGGTACAGTGAGGACCCCACAGTACCCCTGCCCTCTGAGACTGATGGCTACGTTGCCCCCCTGACCTGCAGCCCCCAGCCTG
 ,Intron 26-27,17,39727548,39727688,,,141,gtatggagtccagtctaagcagaga..........gggtcaccttctcttgacctttcag
27,ENSE00001384235,17,39727689,39728662,1,-,974,AATATGTGAACCAGCCAGATGTTCGGCCCCAGCCCCCTTCGCCCCGAGAGGGCCCTCTGCCTGCTGCCCGACCTGCTGGTGCCACTCTGGAAAGGCCCAAGACTCTCTCCCCAGGGAAGAATGGGGTCGTCAAAGACGTTTTTGCCTTTGGGGGTGCCGTGGAGAACCCCGAGTACTTGACACCCCAGGGAGGAGCTGCCCCTCAGCCCCACCCTCCTCCTGCCTTCAGCCCAGCCTTCGACAACCTCTATTACTGGGACCAGGACCCACCAGAGCGGGGGGCTCCACCCAGCACCTTCAAAGGGACACCTACGGCAGAGAACCCAGAGTACCTGGGTCTGGACGTGCCAGTGTGAACCAGAAGGCCAAGTCCGCAGAAGCCCTGATGTGTCCTCAGGGAGCAGGGAAGGCCTGACTTCTGCTGGCATCAAGAGGTGGGAGGGCCCTCCGACCACTTCCAGGGGAACCTGCCATGCCAGGAACCTGTCCTAAGGAACCTTCCTTCCTGCTTGAGTTCCCAGATGGCTGGAAGGGGTCCAGCCTCGTTGGAAGAGGAACAGCACTGGGGAGTCTTTGTGGATTCTGAGGCCCTGCCCAATGAGACTCTAGGGTCCAGTGGATGCCACAGCCCAGCTTGGCCCTTTCCTTCCAGATCCTGGGTACTGAAAGCCTTAGGGAAGCTGGCCTGAGAGGGGAAGCGGCCCTAAGGGAGTGTCTAAGAACAAAAGCGACCCATTCAGAGACTGTCCCTGAAACCTAGTACTGCCCCCCATGAGGAAGGAACAGCAATGGTGTCAGTATCCAGGCTTTGTACAGAGTGCTTTTCTGTTTAGTTTTTACTTTTTTTGTTTTGTTTTTTTAAAGATGAAATAAAGACCCAGGGGGAGAATGGGTGTTGTATGGGGAGGCAAGTGTGGGGGGTCCTTCTCCACACCCACTTTGTCCATTTGCAAATATATTTTGGAAAACAGCTA
,3' downstream sequence,17,,,,,,ggcaccggcctatgtctgggggtggctctgtgccatcccttcctgctcac..........