No.,Exon / Intron,Chrom,Start,End,Start Phase,End Phase,Length,Sequence
,5' upstream sequence,1,,,,,,..........gcaagaactgcaggggaggaggacgctgccacccacagcctctagagctc
1,ENSE00003897926,1,169586481,169586229,-,2,253,ATTGCAGCTGGGACAGCCCGGAGTGTGGTTAGCAGCTCGGCAAGCGCTGCCCAGGTCCTGGGGTGGTGGCAGCCAGCGGGAGCAGGAAAGGAAGCATGTTCCCAGGCTGCCCACGCCTCTGGGTCCTGGTGGTCTTGGGCACCAGCTGGGTAGGCTGGGGGAGCCAAGGGACAGAAGCGGCACAGCTAAGGCAGTTCTACGTGGCTGCTCAGGGCATCAGTTGGAGCTACCGACCTGAGCCCACAAACTCAAG
 ,Intron 1-2,1,169586228,169582523,,,3706,gtaactcaggtgtggagtccgggtg..........attagtttttgtattttatttccag
2,ENSE00000789613,1,169582522,169582431,2,1,92,TTTGAATCTTTCTGTAACTTCCTTTAAGAAAATTGTCTACAGAGAGTATGAACCATATTTTAAGAAAGAAAAACCACAATCTACCATTTCAG
 ,Intron 2-3,1,169582430,169572344,,,10087,gtaagcctgaaatatacttttttaa..........atagtttaaatatttgttttcacag
3,ENSE00003638555,1,169572343,169572221,1,1,123,GACTTCTTGGGCCTACTTTATATGCTGAAGTCGGAGACATCATAAAAGTTCACTTTAAAAATAAGGCAGATAAGCCCTTGAGCATCCATCCTCAAGGAATTAGGTACAGTAAATTATCAGAAG
 ,Intron 3-4,1,169572220,169560767,,,11454,gtaagataaatctaatatttttctg..........gtcttgatggctgttactcctccag
4,ENSE00003609709,1,169560766,169560554,1,1,213,GTGCTTCTTACCTTGACCACACATTCCCTGCGGAGAAGATGGACGACGCTGTGGCTCCAGGCCGAGAATACACCTATGAATGGAGTATCAGTGAGGACAGTGGACCCACCCATGATGACCCTCCATGCCTCACACACATCTATTACTCCCATGAAAATCTGATCGAGGATTTCAACTCGGGGCTGATTGGGCCCCTGCTTATCTGTAAAAAAG
 ,Intron 4-5,1,169560553,169559297,,,1257,gtaagaacacccccaccaaaagatt..........tgaaaacatgtctttcctttcatag
5,ENSE00000789610,1,169559296,169559153,1,1,144,GGACCCTAACTGAGGGTGGGACACAGAAGACGTTTGACAAGCAAATCGTGCTACTATTTGCTGTGTTTGATGAAAGCAAGAGCTGGAGCCAGTCATCATCCCTAATGTACACAGTCAATGGATATGTGAATGGGACAATGCCAG
 ,Intron 5-6,1,169559152,169556868,,,2285,gtaacacgagggctgtgtaccatta..........gcctgtgtctctccctctttctcag
6,ENSE00001435704,1,169556867,169556646,1,1,222,ATATAACAGTTTGTGCCCATGACCACATCAGCTGGCATCTGCTGGGAATGAGCTCGGGGCCAGAATTATTCTCCATTCATTTCAACGGCCAGGTCCTGGAGCAGAACCATCATAAGGTCTCAGCCATCACCCTTGTCAGTGCTACATCCACTACCGCAAATATGACTGTGGGCCCAGAGGGAAAGTGGATCATATCTTCTCTCACCCCAAAACATTTGCAAG
 ,Intron 6-7,1,169556645,169555348,,,1298,gcaagaaactctcctgacagtcttg..........tcattgtctttctgtcctaactcag
7,ENSE00001435673,1,169555347,169555182,1,2,166,CTGGGATGCAGGCTTACATTGACATTAAAAACTGCCCAAAGAAAACCAGGAATCTTAAGAAAATAACTCGTGAGCAGAGGCGGCACATGAAGAGGTGGGAATACTTCATTGCTGCAGAGGAAGTCATTTGGGACTATGCACCTGTAATACCAGCGAATATGGACAA
 ,Intron 7-8,1,169555181,169552735,,,2447,gtgagttgttggggttcataccact..........taatttttttttacttcactttaag
8,ENSE00000789607,1,169552734,169552557,2,0,178,AAAATACAGGTCTCAGCATTTGGATAATTTCTCAAACCAAATTGGAAAACATTATAAGAAAGTTATGTACACACAGTACGAAGATGAGTCCTTCACCAAACATACAGTGAATCCCAATATGAAAGAAGATGGGATTTTGGGTCCTATTATCAGAGCCCAGGTCAGAGACACACTCAAA
 ,Intron 8-9,1,169552556,169550740,,,1817,gtaagtaacacaaatacagaatcat..........gaataaatttgatttaactttgtag
9,ENSE00000789606,1,169550739,169550640,0,1,100,ATCGTGTTCAAAAATATGGCCAGCCGCCCCTATAGCATTTACCCTCATGGAGTGACCTTCTCGCCTTATGAAGATGAAGTCAACTCTTCTTTCACCTCAG
 ,Intron 9-10,1,169550639,169550016,,,624,gtttgaatctttcacttctactgaa..........caattttgaatatattttctttcag
10,ENSE00000789605,1,169550015,169549801,1,0,215,GCAGGAACAACACCATGATCAGAGCAGTTCAACCAGGGGAAACCTATACTTATAAGTGGAACATCTTAGAGTTTGATGAACCCACAGAAAATGATGCCCAGTGCTTAACAAGACCATACTACAGTGACGTGGACATCATGAGAGACATCGCCTCTGGGCTAATAGGACTACTTCTAATCTGTAAGAGCAGATCCCTGGACAGGCGAGGAATACAG
 ,Intron 10-11,1,169549800,169546593,,,3208,gtattttgtccttgaagtaaccttt..........agtactatactgttttgtcctccag
11,ENSE00000789604,1,169546592,169546442,0,1,151,AGGGCAGCAGACATCGAACAGCAGGCTGTGTTTGCTGTGTTTGATGAGAACAAAAGCTGGTACCTTGAGGACAACATCAACAAGTTTTGTGAAAATCCTGATGAGGTGAAACGTGATGACCCCAAGTTTTATGAATCAAACATCATGAGCA
 ,Intron 11-12,1,169546441,169544509,,,1933,gtaagtcagagtactatttttgttc..........attttaacagattttacactttcag
12,ENSE00000789603,1,169544508,169544296,1,1,213,CTATCAATGGCTATGTGCCTGAGAGCATAACTACTCTTGGATTCTGCTTTGATGACACTGTCCAGTGGCACTTCTGTAGTGTGGGGACCCAGAATGAAATTTTGACCATCCACTTCACTGGGCACTCATTCATCTATGGAAAGAGGCATGAGGACACCTTGACCCTCTTCCCCATGCGTGGAGAATCTGTGACGGTCACAATGGATAATGTTG
 ,Intron 12-13,1,169544295,169543115,,,1181,gtgagtaagagtctggacactcaca..........tcttctgtctgtctctcttctgtag
13,ENSE00000814494,1,169543114,169540294,1,2,2821,GAACTTGGATGTTAACTTCCATGAATTCTAGTCCAAGAAGCAAAAAGCTGAGGCTGAAATTCAGGGATGTTAAATGTATCCCAGATGATGATGAAGACTCATATGAGATTTTTGAACCTCCAGAATCTACAGTCATGGCTACACGGAAAATGCATGATCGTTTAGAACCTGAAGATGAAGAGAGTGATGCTGACTATGATTACCAGAACAGACTGGCTGCAGCATTAGGAATCAGGTCATTCCGAAACTCATCATTGAATCAGGAAGAAGAAGAGTTCAATCTTACTGCCCTAGCTCTGGAGAATGGCACTGAATTCGTTTCTTCAAACACAGATATAATTGTTGGTTCAAATTATTCTTCCCCAAGTAATATTAGTAAGTTCACTGTCAATAACCTTGCAGAACCTCAGAAAGCCCCTTCTCACCAACAAGCCACCACAGCTGGTTCCCCACTGAGACACCTCATTGGCAAGAACTCAGTTCTCAATTCTTCCACAGCAGAGCATTCCAGCCCATATTCTGAAGACCCTATAGAGGATCCTCTACAGCCAGATGTCACAGGGATACGTCTACTTTCACTTGGTGCTGGAGAATTCAAAAGTCAAGAACATGCTAAGCATAAGGGACCCAAGGTAGAAAGAGATCAAGCAGCAAAGCACAGGTTCTCCTGGATGAAATTACTAGCACATAAAGTTGGGAGACACCTAAGCCAAGACACTGGTTCTCCTTCCGGAATGAGGCCCTGGGAGGACCTTCCTAGCCAAGACACTGGTTCTCCTTCCAGAATGAGGCCCTGGAAGGACCCTCCTAGTGATCTGTTACTCTTAAAACAAAGTAACTCATCTAAGATTTTGGTTGGGAGATGGCATTTGGCTTCTGAGAAAGGTAGCTATGAAATAATCCAAGATACTGATGAAGACACAGCTGTTAACAATTGGCTGATCAGCCCCCAGAATGCCTCACGTGCTTGGGGAGAAAGCACCCCTCTTGCCAACAAGCCTGGAAAGCAGAGTGGCCACCCAAAGTTTCCTAGAGTTAGACATAAATCTCTACAAGTAAGACAGGATGGAGGAAAGAGTAGACTGAAGAAAAGCCAGTTTCTCATTAAGACACGAAAAAAGAAAAAAGAGAAGCACACACACCATGCTCCTTTATCTCCGAGGACCTTTCACCCTCTAAGAAGTGAAGCCTACAACACATTTTCAGAAAGAAGACTTAAGCATTCGTTGGTGCTTCATAAATCCAATGAAACATCTCTTCCCACAGACCTCAATCAGACATTGCCCTCTATGGATTTTGGCTGGATAGCCTCACTTCCTGACCATAATCAGAATTCCTCAAATGACACTGGTCAGGCAAGCTGTCCTCCAGGTCTTTATCAGACAGTGCCCCCAGAGGAACACTATCAAACATTCCCCATTCAAGACCCTGATCAAATGCACTCTACTTCAGACCCCAGTCACAGATCCTCTTCTCCAGAGCTCAGTGAAATGCTTGAGTATGACCGAAGTCACAAGTCCTTCCCCACAGATATAAGTCAAATGTCCCCTTCCTCAGAACATGAAGTCTGGCAGACAGTCATCTCTCCAGACCTCAGCCAGGTGACCCTCTCTCCAGAACTCAGCCAGACAAACCTCTCTCCAGACCTCAGCCACACGACTCTCTCTCCAGAACTCATTCAGAGAAACCTTTCCCCAGCCCTCGGTCAGATGCCCATTTCTCCAGACCTCAGCCATACAACCCTTTCTCCAGACCTCAGCCATACAACCCTTTCTTTAGACCTCAGCCAGACAAACCTCTCTCCAGAACTCAGTCAGACAAACCTTTCTCCAGCCCTCGGTCAGATGCCCCTTTCTCCAGACCTCAGCCATACAACCCTTTCTCTAGACTTCAGCCAGACAAACCTCTCTCCAGAACTCAGCCATATGACTCTCTCTCCAGAACTCAGTCAGACAAACCTTTCCCCAGCCCTCGGTCAGATGCCCATTTCTCCAGACCTCAGCCATACAACCCTTTCTCTAGACTTCAGCCAGACAAACCTCTCTCCAGAACTCAGTCAAACAAACCTTTCCCCAGCCCTCGGTCAGATGCCCCTTTCTCCAGACCCCAGCCATACAACCCTTTCTCTAGACCTCAGCCAGACAAACCTCTCTCCAGAACTCAGTCAGACAAACCTTTCCCCAGACCTCAGTGAGATGCCCCTCTTTGCAGATCTCAGTCAAATTCCCCTTACCCCAGACCTCGACCAGATGACACTTTCTCCAGACCTTGGTGAGACAGATCTTTCCCCAAACTTTGGTCAGATGTCCCTTTCCCCAGACCTCAGCCAGGTGACTCTCTCTCCAGACATCAGTGACACCACCCTTCTCCCGGATCTCAGCCAGATATCACCTCCTCCAGACCTTGATCAGATATTCTACCCTTCTGAATCTAGTCAGTCATTGCTTCTTCAAGAATTTAATGAGTCTTTTCCTTATCCAGACCTTGGTCAGATGCCATCTCCTTCATCTCCTACTCTCAATGATACTTTTCTATCAAAGGAATTTAATCCACTGGTTATAGTGGGCCTCAGTAAAGATGGTACAGATTACATTGAGATCATTCCAAAGGAAGAGGTCCAGAGCAGTGAAGATGACTATGCTGAAATTGATTATGTGCCCTATGATGACCCCTACAAAACTGATGTTAGGACAAACATCAACTCCTCCAGAGATCCTGACAACATTGCAGCATGGTACCTCCGCAGCAACAATGGAAACAGAAGAAATTATTACATTGCTGCTGAAGAAATATCCTGGGATTATTCAGAATTTGTACAAAG
 ,Intron 13-14,1,169540293,169536681,,,3613,gtttggccagttttctcctttttta..........tacacaaatagtattattatttcag
14,ENSE00000814495,1,169536680,169536506,2,0,175,GGAAACAGATATTGAAGACTCTGATGATATTCCAGAAGATACCACATATAAGAAAGTAGTTTTTCGAAAGTACCTCGACAGCACTTTTACCAAACGTGATCCTCGAGGGGAGTATGAAGAGCATCTCGGAATTCTTGGTCCTATTATCAGAGCTGAAGTGGATGATGTTATCCAA
 ,Intron 14-15,1,169536505,169531023,,,5483,gtaagtcttttgagcactgctaaga..........atttgtggatcattccttttcctag
15,ENSE00000814496,1,169531022,169530786,0,0,237,GTTCGTTTTAAAAATTTAGCATCCAGACCGTATTCTCTACATGCCCATGGACTTTCCTATGAAAAATCATCAGAGGGAAAGACTTATGAAGATGACTCTCCTGAATGGTTTAAGGAAGATAATGCTGTTCAGCCAAATAGCAGTTATACCTACGTATGGCATGCCACTGAGCGATCAGGGCCAGAAAGTCCTGGCTCTGCCTGTCGGGCTTGGGCCTACTACTCAGCTGTGAACCCA
 ,Intron 15-16,1,169530785,169529819,,,967,gtaggtactttcattgaaagttttt..........aatacaatttactctgtttttccag
16,ENSE00001376235,1,169529818,169529608,0,1,211,GAAAAAGATATTCACTCAGGCTTGATAGGTCCCCTCCTAATCTGCCAAAAAGGAATACTACATAAGGACAGCAACATGCCTATGGACATGAGAGAATTTGTCTTACTATTTATGACCTTTGATGAAAAGAAGAGCTGGTACTATGAAAAGAAGTCCCGAAGTTCTTGGAGACTCACATCCTCAGAAATGAAAAAATCCCATGAGTTTCACG
 ,Intron 16-17,1,169529607,169528095,,,1513,gtattttcctcagactttgatctaa..........tgatttcaactctttgtcctttcag
17,ENSE00001388919,1,169528094,169527915,1,1,180,CCATTAATGGGATGATCTACAGCTTGCCTGGCCTGAAAATGTATGAGCAAGAGTGGGTGAGGTTACACCTGCTGAACATAGGCGGCTCCCAAGACATTCACGTGGTTCACTTTCACGGCCAGACCTTGCTGGAAAATGGCAATAAACAGCACCAGTTAGGGGTCTGGCCCCTTCTGCCTG
 ,Intron 17-18,1,169527914,169526018,,,1897,gtaaagattgggtaatgggaagagg..........tgtaatgttgttctttttattttag
18,ENSE00001367181,1,169526017,169525901,1,1,117,GTTCATTTAAAACTCTTGAAATGAAGGCATCAAAACCTGGCTGGTGGCTCCTAAACACAGAGGTTGGAGAAAACCAGAGAGCAGGGATGCAAACGCCATTTCTTATCATGGACAGAG
 ,Intron 18-19,1,169525900,169524909,,,992,gtatcacaagagccatgtgatattt..........ttcattttttttctgtttttcatag
19,ENSE00001168291,1,169524908,169524837,1,1,72,ACTGTAGGATGCCAATGGGACTAAGCACTGGTATCATATCTGATTCACAGATCAAGGCTTCAGAGTTTCTGG
 ,Intron 19-20,1,169524836,169523905,,,932,gtaagttgtagcaccatggtctgtg..........aatctttttcttcccttgagtttag
20,ENSE00001168281,1,169523904,169523801,1,0,104,GTTACTGGGAGCCCAGATTAGCAAGATTAAACAATGGTGGATCTTATAATGCTTGGAGTGTAGAAAAACTTGCAGCAGAATTTGCCTCTAAACCTTGGATCCAG
 ,Intron 20-21,1,169523800,169523353,,,448,gtttgtcttaatagactgataatat..........gtttactggctttcctatattgcag
21,ENSE00000814502,1,169523352,169523197,0,0,156,GTGGACATGCAAAAGGAAGTCATAATCACAGGGATCCAGACCCAAGGTGCCAAACACTACCTGAAGTCCTGCTATACCACAGAGTTCTATGTAGCTTACAGTTCCAACCAGATCAACTGGCAGATCTTCAAAGGGAACAGCACAAGGAATGTGATG
 ,Intron 21-22,1,169523196,169520665,,,2532,gtttgtgtgcatatttctatctgaa..........actaaactttcctcttttcttctag
22,ENSE00000814503,1,169520664,169520520,0,1,145,TATTTTAATGGCAATTCAGATGCCTCTACAATAAAAGAGAATCAGTTTGACCCACCTATTGTGGCTAGATATATTAGGATCTCTCCAACTCGAGCCTATAACAGACCTACCCTTCGATTGGAACTGCAAGGTTGTGAGGTAAATG
 ,Intron 22-23,1,169520519,169518564,,,1956,gtaaggtacaaagatgcattatttt..........aatcacgttacttttcttttgatag
23,ENSE00001168273,1,169518563,169518412,1,0,152,GATGTTCCACACCCCTGGGTATGGAAAATGGAAAGATAGAAAACAAGCAAATCACAGCTTCTTCGTTTAAGAAATCTTGGTGGGGAGATTACTGGGAACCCTTCCGTGCCCGTCTGAATGCCCAGGGACGTGTGAATGCCTGGCAAGCCAAG
 ,Intron 23-24,1,169518411,169515627,,,2785,gtcaagtatactctatgcatggtgt..........ctatgtgtttttgtcattttcatag
24,ENSE00000814505,1,169515626,169515444,0,0,183,GCAAACAACAATAAGCAGTGGCTAGAAATTGATCTACTCAAGATCAAGAAGATAACGGCAATTATAACACAGGGCTGCAAGTCTCTGTCCTCTGAAATGTATGTAAAGAGCTATACCATCCACTACAGTGAGCAGGGAGTGGAATGGAAACCATACAGGCTGAAATCCTCCATGGTGGACAAG
 ,Intron 24-25,1,169515443,169514460,,,984,gtagagtggcatctgggcaaagaga..........agattttctcttatttggctttcag
25,ENSE00003855085,1,169514459,169511951,0,-,2509,ATTTTTGAAGGAAATACTAATACCAAAGGACATGTGAAGAACTTTTTCAACCCCCCAATCATTTCCAGGTTTATCCGTGTCATTCCTAAAACATGGAATCAAAGTATTGCACTTCGCCTGGAACTCTTTGGCTGTGATATTTACTAGAATTGAACATTCAAAAACCCCTGGAAGAGACTCTTTAAGACCTCAAACCATTTAGAATGGGCAATGTATTTTACGCTGTGTTAAATGTTAACAGTTTTCCACTATTTCTCTTTCTTTTCTATTAGTGAATAAAATTTTATACAAGAAGCTTTTATAATGTAACTCCTTGCTACCAGTAAGTAAGATAATGGCTATTACTTCTGCATTAATTTGAATACAGGTAGGAAAATATCAAGAACCAACAAGAAAAGGGCTTATCTTTCTTAATGATTGAAAATGCTATGAAGTAATATTTATGTAGTTAAAATGCTTCATTATAACTCTTTTAAATCCTTTACACACTAGTAAAACAGATATTACTTTAAATAATAATTGATAGACCTGGATAACTTTCACAAACACATGATTTTTTAATGGTTTTTCTTGAGTGAAGAGAAAAACAATATTATCAAATGAAATAAGTACTTAAAATATCCTGTCTTTCCCATATAACAATGATTTTTCTGACTTTCCATGAGTAAAAAAACAGCCAAGCATCTTTCCAGTAGCCCCATTGAAATTGTGAATCCGTCCTGGTCTCCCTAAGGACTGCACACATTGATATTCAAGGTTGGTGGTCATTAGATATGGAACAGAACTGAAATAACCATGGTAGAACTGAATGTGTAATGTTGGCTTTATTCTAGCTGGTACTACATGGCACACAGTTTCAAAACATAATTTCACCTACTGGAAAGCTCAGACCTGTAAAACAGAGCATGGGAACTGCTGGTCTAAATGCAGTTGTTCCTGCTCAAAGAGACCTCTGGCCAAACTGGCAAGCAGTTAAAGTTTTCTTTCAGGGCCTTCCTCTCTATGGCCTCAACTTCCTCCTCTCTCTTCTTCCAGCAACTTCCCCTTTCATCATTCCTTTCCCTGGGGACTTGGCATTCAGTGATCCTGTAGATATTGCACAACTGGGGAACCTTTAGACATCCTTAAAATCACATGAGATAGACAGTCATTTGGGGTGTCTGAAATAAACCACCCCAAAACTTAGTGTTAAAAGAGCAACCAAAAAAAATTTATGTGAGATTATGGATTTGTTACTTAGCTTGATTTAATCATCCTGTAACGTGTACATATATCAAAATGTTATGTATACCATAAATATATAAAATTTTATCAACGAAATTCATAACAATCTCTCAGACCACAGAGAAATCAAATTAGAACTGAGGACTAAGAAACTCACTCGAAACCACACAACTACATGGAAACTGAACAACCTGCTCCTGAATGACTACTGGGTAAATAATGAAATTAAGGCAGAAATAAATAAGTTCCTTAAAACCAATGAGAACAAAGAGACAACATACCAGAATCTCTAGGAGACAGGGCTTTGCTTTTGCTGCATTCTATTCGTTGTGAACACAAATTACAGGCCAGTCTCGATTCAGTGTAGAAGGGAACTGCATAAGGACCACATACCAGGAGGCATAATTCACTGGGAGCATCTTTAGAAACTACCAGAGTTACCTGTTGCCCATACCAGTGGGGTAAGCCCTATGAATGTATATGAGAGTTTCAAACATCCACAAAACATTGGCTTTCTAATATTCGTATTCCCACTATTCCTTTCTTTTCATGATTCATGTCATTGTCCCATCAACATTTCTAAGATTTCCATTCCGTTAAGAGCAAAAGAGAATGTTGGAAGGTGGGGGAAAACATTTCTTTGTTTTCTACAGGGCCAGCTTCTTGGATGTGTGTGATCTGTTCAGTTGCAAAGGGTCACATGCTCAGAAGGACCGCATGCTAAATTTAATGCTTTGCAGTTACCCTCTTGAAATCCTTTATTTTTTAAGAAGGAATTCGACATTTCCATTTTTCAATGAGCCCCACAAATTACGCAGCTAGTCCTGGGCTTCTCTACTCTGAAATTGGGCAGGATCTCTCTTGATCTAGAATTTACTAAGGCATAATAGGGGCAAGAAAATCTTATGAAATAATGGGGGGTAGGGAAGAGATGGGAATGGAGCATGAGATCCAGCTTCGTTATTCTCTACTTGAGAAAAATAAGGCCCCAAAGATTAAACAACTTGCCCAAGGATATTGCTTGTTAGTGTCAGAACTGAAACCAGAAACCAAATGATCATATCCCTAGACTTTTAGTCTGCTTTCTCTTCCATAAAATGAAACTTATAATGTTTCTAATCCATTGCTCAGACAGGTAGACATGAATATTAATTGATAATGACTATTAATTGATCTGGAAAATACTTGTTTGGGGATCAATAATATGTTTGGGCTATTATCTAATGCTGTGTAGAAATATTAAAACCCCTGTTATTTTGAAATAAAAAAGATACCCACTTTTTAT
,3' downstream sequence,1,,,,,,ttctctctctgatctcacttagatgaaattacaagtttgactacatagta..........