No.,Exon / Intron,Chrom,Start,End,Start Phase,End Phase,Length,Sequence
,5' upstream sequence,X,,,,,,..........cgcccgcccccgcccccgccgattaaatgggccggcggggctcagccccc
1,ENSE00003815113,X,154546846,154546789,-,-,58,GGAAACGGTCGTACACTTCGGGGCTGCGAGCGCGGAGGGCGACGACGACGAAGCGCAG
 ,Intron 1-2,X,154546788,154546164,,,625,gtaaccggccgggcgggcgccgcgc..........tgttaacgagcctttcttccaccag
2,ENSE00003657354,X,154546163,154546036,-,0,128,ACAGCGTCATGGCAGAGCAGGTGGCCCTGAGCCGGACCCAGGTGTGCGGGATCCTGCGGGAAGAGCTTTTCCAGGGCGATGCCTTCCATCAGTCGGATACACACATATTCATCATCATGGGTGCATCG
 ,Intron 2-3,X,154546035,154536179,,,9857,gtgagtatctcccaggccccaatct..........cacacacctgttccctctgccacag
3,ENSE00003590122,X,154536178,154536141,0,2,38,GGTGACCTGGCCAAGAAGAAGATCTACCCCACCATCTG
 ,Intron 3-4,X,154536140,154536046,,,95,gtaagtgtgtcccaccactgcccct..........ggttacagctgtgccctgccctcag
4,ENSE00003546872,X,154536045,154535937,2,0,109,GTGGCTGTTCCGGGATGGCCTTCTGCCCGAAAACACCTTCATCGTGGGCTATGCCCGTTCCCGCCTCACAGTGGCTGACATCCGCAAACAGAGTGAGCCCTTCTTCAAG
 ,Intron 4-5,X,154535936,154535386,,,551,gtgggtggtgtcagggcctccccca..........gtgtctgtctgtccgtgtctcccag
5,ENSE00001050603,X,154535385,154535168,0,2,218,GCCACCCCAGAGGAGAAGCTCAAGCTGGAGGACTTCTTTGCCCGCAACTCCTATGTGGCTGGCCAGTACGATGATGCAGCCTCCTACCAGCGCCTCAACAGCCACATGAATGCCCTCCACCTGGGGTCACAGGCCAACCGCCTCTTCTACCTGGCCTTGCCCCCGACCGTCTACGAGGCCGTCACCAAGAACATTCACGAGTCCTGCATGAGCCAGAT
 ,Intron 5-6,X,154535167,154534497,,,671,gtaaggcttgccgttgccctccctt..........taacgcagctccgggctcccagcag
6,ENSE00001050595,X,154534496,154534338,2,2,159,AGGCTGGAACCGCATCATCGTGGAGAAGCCCTTCGGGAGGGACCTGCAGAGCTCTGACCGGCTGTCCAACCACATCTCCTCCCTGTTCCGTGAGGACCAGATCTACCGCATCGACCACTACCTGGGCAAGGAGATGGTGCAGAACCTCATGGTGCTGAG
 ,Intron 6-7,X,154534337,154534161,,,177,gtggggccaagcctgggccggggga..........tcctccaccttgcccctccctgcag
7,ENSE00001050598,X,154534160,154534035,2,2,126,ATTTGCCAACAGGATCTTCGGCCCCATCTGGAACCGGGACAACATCGCCTGCGTTATCCTCACCTTCAAGGAGCCCTTTGGCACTGAGGGTCGCGGGGGCTATTTCGATGAATTTGGGATCATCCG
 ,Intron 7-8,X,154534034,154533670,,,365,gtgagagctcttcctctctcctggg..........gagctctggcctcttccgtccccag
8,ENSE00001050601,X,154533669,154533576,2,0,94,GGACGTGATGCAGAACCACCTACTGCAGATGCTGTGTCTGGTGGCCATGGAGAAGCCCGCCTCCACCAACTCAGATGACGTCCGTGATGAGAAG
 ,Intron 8-9,X,154533575,154533129,,,447,gtagggggtgcaccccagtccccag..........attctctcccttggctttctctcag
9,ENSE00001050608,X,154533128,154532942,0,1,187,GTCAAGGTGTTGAAATGCATCTCAGAGGTGCAGGCCAACAATGTGGTCCTGGGCCAGTACGTGGGGAACCCCGATGGAGAGGGCGAGGCCACCAAAGGGTACCTGGACGACCCCACGGTGCCCCGCGGGTCCACCACCGCCACTTTTGCAGCCGTCGTCCTCTATGTGGAGAATGAGAGGTGGGATG
 ,Intron 9-10,X,154532941,154532803,,,139,gtaggtgatgccttcgaggcccagc..........tgaggctgccctttccgccacgtag
10,ENSE00001050602,X,154532802,154532567,1,0,236,GGGTGCCCTTCATCCTGCGCTGCGGCAAGGCCCTGAACGAGCGCAAGGCCGAGGTGAGGCTGCAGTTCCATGATGTGGCCGGCGACATCTTCCACCAGCAGTGCAAGCGCAACGAGCTGGTGATCCGCGTGCAGCCCAACGAGGCCGTGTACACCAAGATGATGACCAAGAAGCCGGGCATGTTCTTCAACCCCGAGGAGTCGGAGCTGGACCTGACCTACGGCAACAGATACAAG
 ,Intron 10-11,X,154532566,154532463,,,104,gtgccctacagagaaggagcagtgt..........cagcaagacactctctccctcacag
11,ENSE00003519724,X,154532462,154532386,0,2,77,AACGTGAAGCTCCCTGACGCCTATGAGCGCCTCATCCTGGACGTCTTCTGCGGGAGCCAGATGCACTTCGTGCGCAG
 ,Intron 11-12,X,154532385,154532281,,,105,gtgaggcccagctgccggcccctgc..........cccaagccataccatgtcccctcag
12,ENSE00001050600,X,154532280,154532188,2,2,93,CGACGAGCTCCGTGAGGCCTGGCGTATTTTCACCCCACTGCTGCACCAGATTGAGCTGGAGAAGCCCAAGCCCATCCCCTATATTTATGGCAG
 ,Intron 12-13,X,154532187,154532091,,,97,gtgaggaaagggtgggggctgggga..........ctctcctccacccgtcactctccag
13,ENSE00001050607,X,154532090,154531391,2,-,700,CCGAGGCCCCACGGAGGCAGACGAGCTGATGAAGAGAGTGGGTTTCCAGTATGAGGGCACCTACAAGTGGGTGAACCCCCACAAGCTCTGAGCCCTGGGCACCCACCTCCACCCCCGCCACGGCCACCCTCCTTCCCGCCGCCCGACCCCGAGTCGGGAGGACTCCGGGACCATTGACCTCAGCTGCACATTCCTGGCCCCGGGCTCTGGCCACCCTGGCCCGCCCCTCGCTGCTGCTACTACCCGAGCCCAGCTACATTCCTCAGCTGCCAAGCACTCGAGACCATCCTGGCCCCTCCAGACCCTGCCTGAGCCCAGGAGCTGAGTCACCTCCTCCACTCACTCCAGCCCAACAGAAGGAAGGAGGAGGGCGCCCATTCGTCTGTCCCAGAGCTTATTGGCCACTGGGTCTCACTCCTGAGTGGGGCCAGGGTGGGAGGGAGGGACGAGGGGGAGGAAAGGGGCGAGCACCCACGTGAGAGAATCTGCCTGTGGCCTTGCCCGCCAGCCTCAGTGCCACTTGACATTCCTTGTCACCAGCAACATCTCGAGCCCCCTGGATGTCCCCTGTCCCACCAACTCTGCACTCCATGGCCACCCCGTGCCACCCGTAGGCAGCCTCTCTGCTATAAGAAAAGCAGACGCAGCAGCTGGGACCCCTCCCAACCTCAATGCCCTGCCATTAAATCCGCAAACAGCC
,3' downstream sequence,X,,,,,,cctcctgtccccttgtcatttgcttccctgaggacccacttccttgtccc..........