No.,Exon / Intron,Chrom,Start,End,Start Phase,End Phase,Length,Sequence
,5' upstream sequence,11,,,,,,..........cggagcggggcgggaccacccttataaggctcggaggccgcgaggccttc
1,ENSE00001533853,11,67583812,67583844,-,1,33,GCTGGAGTTTCGCCGCCGCAGTCTTCGCCACCA
 ,Intron 1-2,11,67583845,67584133,,,289,gtgagtacgcgcggcccgcgtcccc..........gcaaacttttctttgttcgctgcag
2,ENSE00003491308,11,67584134,67584169,1,1,36,TGCCGCCCTACACCGTGGTCTATTTCCCAGTTCGAG
 ,Intron 2-3,11,67584170,67584463,,,294,gtaggagcatgtgtctggcagggaa..........atctcgtacttctccctccccgcag
3,ENSE00003514541,11,67584464,67584570,1,0,107,GCCGCTGCGCGGCCCTGCGCATGCTGCTGGCAGATCAGGGCCAGAGCTGGAAGGAGGAGGTGGTGACCGTGGAGACGTGGCAGGAGGGCTCACTCAAAGCCTCCTGC
 ,Intron 3-4,11,67584571,67584684,,,114,gtaagtgaccatgcccgggcaaggg..........ccctgagccatgcctcccccaacag
4,ENSE00003750846,11,67584685,67584772,0,1,88,CTATACGGGCAGCTCCCCAAGTTCCAGGACGGAGACCTCACCCTGTACCAGTCCAATACCATCCTGCGTCACCTGGGCCGCACCCTTG
 ,Intron 4-5,11,67584773,67585137,,,365,gtgagtcttgaacctccaagtccag..........cctgctcccctccacccaaccccag
5,ENSE00003556693,11,67585138,67585241,1,0,104,GGCTCTATGGGAAGGACCAGCAGGAGGCAGCCCTGGTGGACATGGTGAATGACGGCGTGGAGGACCTCCGCTGCAAATACATCTCCCTCATCTACACCAACTAT
 ,Intron 5-6,11,67585242,67586103,,,862,gtgagcatctgcaccagggttgggc..........gatgatacatggtggtgtctggcag
6,ENSE00003615072,11,67586104,67586211,0,0,108,GAGGCGGGCAAGGATGACTATGTGAAGGCACTGCCCGGGCAACTGAAGCCTTTTGAGACCCTGCTGTCCCAGAACCAGGGAGGCAAGACCTTCATTGTGGGAGACCAG
 ,Intron 6-7,11,67586212,67586388,,,177,gtgagcatctggccccatgctgttc..........agtccctggcccccctgccctgcag
7,ENSE00003822108,11,67586389,67586653,0,-,265,ATCTCCTTCGCTGACTACAACCTGCTGGACTTGCTGCTGATCCATGAGGTCCTAGCCCCTGGCTGCCTGGATGCGTTCCCCCTGCTCTCAGCATATGTGGGGCGCCTCAGTGCCCGGCCCAAGCTCAAGGCCTTCCTGGCCTCCCCTGAGTACGTGAACCTCCCCATCAATGGCAACGGGAAACAGTGAGGGTTGGGGGGACTCTGAGCGGGAGGCAGAGTTTGCCTTCCTTTCTCCAGGACCAATAAAATTTCTAAGAGAGCTA
,3' downstream sequence,11,,,,,,ctatgagcactgtgtttcctgggacggggcttaggggttctcagcctcga..........