No.,Exon / Intron,Chrom,Start,End,Start Phase,End Phase,Length,Sequence
,5' upstream sequence,6,,,,,,..........agcgtcgccgcggtcccagttctaaagtccccacgcacccacccggactc
1,ENSE00001832377,6,31357179,31357086,-,1,94,AGAGTCTCCTCAGACGCCGAGATGCTGGTCATGGCGCCCCGAACCGTCCTCCTGCTGCTCTCGGCGGCCCTGGCCCTGACCGAGACCTGGGCCG
 ,Intron 1-2,6,31357085,31356958,,,128,gtgagtgcgggtcgggagggaaatg..........ggtctcagcccctcctcacccccag
2,ENSE00001605232,6,31356957,31356688,1,1,270,GCTCCCACTCCATGAGGTATTTCTACACCTCCGTGTCCCGGCCCGGCCGCGGGGAGCCCCGCTTCATCTCAGTGGGCTACGTGGACGACACCCAGTTCGTGAGGTTCGACAGCGACGCCGCGAGTCCGAGAGAGGAGCCGCGGGCGCCGTGGATAGAGCAGGAGGGGCCGGAGTATTGGGACCGGAACACACAGATCTACAAGGCCCAGGCACAGACTGACCGAGAGAGCCTGCGGAACCTGCGCGGCTACTACAACCAGAGCGAGGCCG
 ,Intron 2-3,6,31356687,31356443,,,245,gtgagtgaccccggcccggggcgca..........gggctgaccgcggggccggggccag
3,ENSE00001672499,6,31356442,31356167,1,1,276,GGTCTCACACCCTCCAGAGCATGTACGGCTGCGACGTGGGGCCGGACGGGCGCCTCCTCCGCGGGCATGACCAGTACGCCTACGACGGCAAGGATTACATCGCCCTGAACGAGGACCTGCGCTCCTGGACCGCCGCGGACACGGCGGCTCAGATCACCCAGCGCAAGTGGGAGGCGGCCCGTGAGGCGGAGCAGCGGAGAGCCTACCTGGAGGGCGAGTGCGTGGAGTGGCTCCGCAGATACCTGGAGAACGGGAAGGACAAGCTGGAGCGCGCTG
 ,Intron 3-4,6,31356166,31355593,,,574,gtaccaggggcagtggggagccttc..........tgaattttctgactcttcccatcag
4,ENSE00003378475,6,31355592,31355317,1,1,276,ACCCCCCAAAGACACACGTGACCCACCACCCCATCTCTGACCATGAGGCCACCCTGAGGTGCTGGGCCCTGGGTTTCTACCCTGCGGAGATCACACTGACCTGGCAGCGGGATGGCGAGGACCAAACTCAGGACACTGAGCTTGTGGAGACCAGACCAGCAGGAGATAGAACCTTCCAGAAGTGGGCAGCTGTGGTGGTGCCTTCTGGAGAAGAGCAGAGATACACATGCCATGTACAGCATGAGGGGCTGCCGAAGCCCCTCACCCTGAGATGGG
 ,Intron 4-5,6,31355316,31355224,,,93,gtaaggagggggatgaggggtcata..........ccctcatcttcccctcctttcccag
5,ENSE00001724119,6,31355223,31355107,1,1,117,AGCCGTCTTCCCAGTCCACCGTCCCCATCGTGGGCATTGTTGCTGGCCTGGCTGTCCTAGCAGTTGTGGTCATCGGAGCTGTGGTCGCTGCTGTGATGTGTAGGAGGAAGAGTTCAG
 ,Intron 5-6,6,31355106,31354666,,,441,gtagggaaggggtgaggggtggggt..........ctcacaggacattttcttcccacag
6,ENSE00001629892,6,31354665,31354633,1,1,33,GTGGAAAAGGAGGGAGCTACTCTCAGGCTGCGT
 ,Intron 6-7,6,31354632,31354527,,,106,gtaagtggtgggggtgggagtgtgg..........aggtcctgtttttgttctactccag
7,ENSE00003481286,6,31354526,31354479,1,-,48,GCAGCGACAGTGCCCAGGGCTCTGATGTGTCTCTCACAGCTTGAAAAG
 ,Intron 7-8,6,31354478,31354297,,,182,gtgagattcttggggtctagagtgg..........tgttcatgactgttgttttctgtag
8,ENSE00003842742,6,31354296,31353875,-,-,422,CCTGAGACAGCTGTCTTGTGAGGGACTGAGATGCAGGATTTCTTCACGCCTCCCCTTTGTGACTTCAAGAGCCTCTGGCATCTCTTTCTGCAAAGGCACCTGAATGTGTCTGCGTCCCTGTTAGCATAATGTGAGGAGGTGGAGAGACAGCCCACCCTTGTGTCCACTGTGACCCCTGTTCCCATGCTGACCTGTGTTTCCTCCCCAGTCATCTTTCTTGTTCCAGAGAGGTGGGGCTGGATGTCTCCATCTCTGTCTCAACTTTACGTGCACTGAGCTGCAACTTCTTACTTCCCTACTGAAAATAAGAATCTGAATATAAATTTGTTTTCTCAAATATTTGCTATGAGAGGTTGATGGATTAATTAAATAAGTCAATTCCTGGAATTTGAGAGAGCAAATAAAGACCTGAGAACCTTCCA
,3' downstream sequence,6,,,,,,gaatctgcatgttcgctgtgctgagtctgttgcaggtggggtgtggagaa..........