No.,Exon / Intron,Chrom,Start,End,Start Phase,End Phase,Length,Sequence
,5' upstream sequence,19,,,,,,..........aagaggggactgaaaagaacagagactccagacaagacccaaacagaccc
1,ENSE00003722373,19,39245129,39245068,-,1,62,TGGGTGACAGCCTCAGAGTGTTTCTTCTGCTGACAAAGACCAGAGATCAGGAATGAAACTAG
 ,Intron 1-2,19,39245067,39244970,,,98,gtgagtcccacatctctgtccgtgc..........agctccctttctctctgtgacacag
2,ENSE00003748264,19,39244969,39244788,1,0,182,ACATGACCGGGGACTGCATGCCAGTGCTGGTGCTGATGGCCGCAGTGCTGACCGTGACTGGAGCAGTTCCTGTCGCCAGGCTCCGCGGGGCTCTCCCGGATGCAAGGGGCTGCCACATAGCCCAGTTCAAGTCCCTGTCTCCACAGGAGCTGCAGGCCTTTAAGAGGGCCAAAGATGCCTTA
 ,Intron 2-3,19,39244787,39244495,,,293,gtgagtctccccctgccctcctgcc..........gctaacctgtgcctttgctgtctag
3,ENSE00002523980,19,39244494,39244417,0,0,78,GAAGAGTCGCTTCTGCTGAAGGACTGCAAGTGCCGCTCCCGCCTCTTCCCCAGGACCTGGGACCTGAGGCAGCTGCAG
 ,Intron 3-4,19,39244416,39244158,,,259,gtgagagggggagtcaggcccaccc..........cctgctctttctcacctctcctcag
4,ENSE00002465012,19,39244157,39244008,0,0,150,GTGAGGGAGCGCCCCGTGGCTTTGGAGGCTGAGCTGGCCCTGACGCTGAAGGTTCTGGAGGCCACCGCTGACACTGACCCAGCCCTGGGGGATGTCTTGGACCAGCCCCTTCACACCCTGCACCATATCCTCTCCCAGCTCCGGGCCTGT
 ,Intron 4-5,19,39244007,39243908,,,100,gtgagtcgtcagggcccgggcaccc..........acacaccgccctcctctgcccacag
5,ENSE00002483176,19,39243907,39243824,0,0,84,ATCCAGCCTCAGCCCACGGCAGGGCCCAGGACCCGGGGCCGCCTCCACCATTGGCTGCACCGGCTCCAGGAGGCCCCAAAAAAG
 ,Intron 5-6,19,39243823,39243731,,,93,gtgagtgacccgggaagagagggac..........ctgacccatcccctcctccctacag
6,ENSE00003714809,19,39243730,39243553,0,-,178,GAGTCCCCTGGCTGCCTCGAGGCCTCTGTCACCTTCAACCTCTTCCGCCTCCTCACGCGAGACCTGAATTGTGTTGCCAGCGGGGACCTGTGTGTCTGACCCTTCCGCCAGTCATGCAACCTGAGATTTTATTTATAAATTAGCCACTTGGCTTAATTTATTGTCACCCAGTCGCTAT
,3' downstream sequence,19,,,,,,ttatgtatttgtgtatgtaaatccaactcacctccaggaaaatgtttatt..........