No.,Exon / Intron,Chrom,Start,End,Start Phase,End Phase,Length,Sequence
,5' upstream sequence,4,,,,,,..........cgtggccggcgcgcagagggagggcgctgggaggaggggctgctgctcgc
1,ENSE00001905199,4,54657918,54658081,-,1,164,CGCTCGCGGCTCTGGGGGCTCGGCTTTGCCGCGCTCGCTGCACTTGGGCGAGAGCTGGAACGTGGACCAGAGCTCGGATCCCATCGCAGCTACCGCGATGAGAGGCGCTCGCGGCGCCTGGGATTTTCTCTGCGTTCTGCTCCTACTGCTTCGCGTCCAGACAG
 ,Intron 1-2,4,54658082,54695511,,,37430,gtgggacaccgcggctggcaccccg..........aacacgattctgtttttcttggcag
2,ENSE00001032350,4,54695512,54695781,1,1,270,GCTCTTCTCAACCATCTGTGAGTCCAGGGGAACCGTCTCCACCATCCATCCATCCAGGAAAATCAGACTTAATAGTCCGCGTGGGCGACGAGATTAGGCTGTTATGCACTGATCCGGGCTTTGTCAAATGGACTTTTGAGATCCTGGATGAAACGAATGAGAATAAGCAGAATGAATGGATCACGGAAAAGGCAGAAGCCACCAACACCGGCAAATACACGTGCACCAACAAACACGGCTTAAGCAATTCCATTTATGTGTTTGTTAGAG
 ,Intron 2-3,4,54695782,54698283,,,2502,gtaaatgcttggctttctgcagtgc..........actgattttggatatgcttctatag
3,ENSE00001074448,4,54698284,54698565,1,1,282,ATCCTGCCAAGCTTTTCCTTGTTGACCGCTCCTTGTATGGGAAAGAAGACAACGACACGCTGGTCCGCTGTCCTCTCACAGACCCAGAAGTGACCAATTATTCCCTCAAGGGGTGCCAGGGGAAGCCTCTTCCCAAGGACTTGAGGTTTATTCCTGACCCCAAGGCGGGCATCATGATCAAAAGTGTGAAACGCGCCTACCATCGGCTCTGTCTGCATTGTTCTGTGGACCAGGAGGGCAAGTCAGTGCTGTCGGAAAAATTCATCCTGAAAGTGAGGCCAG
 ,Intron 3-4,4,54698566,54699629,,,1064,gtactggctctttcttatctgcctc..........ggggccacatttcttttcattctag
4,ENSE00001121859,4,54699630,54699766,1,0,137,CCTTCAAAGCTGTGCCTGTTGTGTCTGTGTCCAAAGCAAGCTATCTTCTTAGGGAAGGGGAAGAATTCACAGTGACGTGCACAATAAAAGATGTGTCTAGTTCTGTGTACTCAACGTGGAAAAGAGAAAACAGTCAG
 ,Intron 4-5,4,54699767,54703723,,,3957,gtgagtgaatcgcttcattcttctc..........ttttctccttttctgaaaccagcag
5,ENSE00001074426,4,54703724,54703892,0,1,169,ACTAAACTACAGGAGAAATATAATAGCTGGCATCACGGTGACTTCAATTATGAACGTCAGGCAACGTTGACTATCAGTTCAGCGAGAGTTAATGATTCTGGAGTGTTCATGTGTTATGCCAATAATACTTTTGGATCAGCAAATGTCACAACAACCTTGGAAGTAGTAG
 ,Intron 5-6,4,54703893,54707097,,,3205,gtaaatacctctatgggaatgttta..........ttctgtcttatttcattctaattag
6,ENSE00001074418,4,54707098,54707287,1,2,190,ATAAAGGATTCATTAATATCTTCCCCATGATAAACACTACAGTATTTGTAAACGATGGAGAAAATGTAGATTTGATTGTTGAATATGAAGCATTCCCCAAACCTGAACACCAGCAGTGGATCTATATGAACAGAACCTTCACTGATAAATGGGAAGATTATCCCAAGTCTGAGAATGAAAGTAATATCAG
 ,Intron 6-7,4,54707288,54709423,,,2136,gtaagaaatggaccttgccctgggg..........ttgactagttgtcttttctttgtag
7,ENSE00001074452,4,54709424,54709539,2,1,116,ATACGTAAGTGAACTTCATCTAACGAGATTAAAAGGCACCGAAGGAGGCACTTACACATTCCTAGTGTCCAATTCTGACGTCAATGCTGCCATAGCATTTAATGTTTATGTGAATA
 ,Intron 7-8,4,54709540,54723583,,,14044,gtaagtaacatgaagggctcctttt..........tatggccatttctgttttcctgtag
8,ENSE00001074431,4,54723584,54723698,1,2,115,CAAAACCAGAAATCCTGACTTACGACAGGCTCGTGAATGGCATGCTCCAATGTGTGGCAGCAGGATTCCCAGAGCCCACAATAGATTGGTATTTTTGTCCAGGAACTGAGCAGAG
 ,Intron 8-9,4,54723699,54725856,,,2158,gtgagatgattatttttggcactgc..........agggcttttgttttcttccctttag
9,ENSE00001074423,4,54725857,54726050,2,1,194,ATGCTCTGCTTCTGTACTGCCAGTGGATGTGCAGACACTAAACTCATCTGGGCCACCGTTTGGAAAGCTAGTGGTTCAGAGTTCTATAGATTCTAGTGCATTCAAGCACAATGGCACGGTTGAATGTAAGGCTTACAACGATGTGGGCAAGACTTCTGCCTATTTTAACTTTGCATTTAAAGGTAACAACAAAG
 ,Intron 9-10,4,54726051,54727217,,,1167,gtatatttctttttaatccaattta..........attccacatttctcttccattgtag
10,ENSE00001074410,4,54727218,54727324,1,0,107,AGCAAATCCATCCCCACACCCTGTTCACTCCTTTGCTGATTGGTTTCGTAATCGTAGCTGGCATGATGTGCATTATTGTGATGATTCTGACCTACAAATATTTACAG
 ,Intron 10-11,4,54727325,54727415,,,91,gtaaccatttatttgttctctctcc..........tctatttttccctttctccccacag
11,ENSE00001074417,4,54727416,54727542,0,1,127,AAACCCATGTATGAAGTACAGTGGAAGGTTGTTGAGGAGATAAATGGAAACAATTATGTTTACATAGACCCAACACAACTTCCTTATGATCACAAATGGGAGTTTCCCAGAAACAGGCTGAGTTTTG
 ,Intron 11-12,4,54727543,54727822,,,280,gtcagtatgaaacaggggctttcca..........taccttgttgtcttccttcctacag
12,ENSE00001074438,4,54727823,54727927,1,1,105,GGAAAACCCTGGGTGCTGGAGCTTTCGGGAAGGTTGTTGAGGCAACTGCTTATGGCTTAATTAAGTCAGATGCGGCCATGACTGTCGCTGTAAAGATGCTCAAGC
 ,Intron 12-13,4,54727928,54728010,,,83,gtaagttcctgtatggtactgcatg..........ctaaaatgcatgtttccaattttag
13,ENSE00001074408,4,54728011,54728121,1,1,111,CGAGTGCCCATTTGACAGAACGGGAAGCCCTCATGTCTGAACTCAAAGTCCTGAGTTACCTTGGTAATCACATGAATATTGTGAATCTACTTGGAGCCTGCACCATTGGAG
 ,Intron 13-14,4,54728122,54729334,,,1213,gtaaagccgtgtccaagctgccttt..........ctaaccttttcttatgtgcttttag
14,ENSE00001074445,4,54729335,54729485,1,2,151,GGCCCACCCTGGTCATTACAGAATATTGTTGCTATGGTGATCTTTTGAATTTTTTGAGAAGAAAACGTGATTCATTTATTTGTTCAAAGCAGGAAGATCATGCAGAAGCTGCACTTTATAAGAATCTTCTGCATTCAAAGGAGTCTTCCTG
 ,Intron 14-15,4,54729486,54731327,,,1842,gtaagactgatttacataaatagtt..........tcatgacttgtttcatctctcccag
15,ENSE00003513956,4,54731328,54731419,2,1,92,CAGCGATAGTACTAATGAGTACATGGACATGAAACCTGGAGTTTCTTATGTTGTCCCAACCAAGGCCGACAAAAGGAGATCTGTGAGAATAG
 ,Intron 15-16,4,54731420,54731870,,,451,gtgagtacctacctatcaagcaacc..........aagaaaaatcctctcttcctcacag
16,ENSE00003538116,4,54731871,54731998,1,0,128,GCTCATACATAGAAAGAGATGTGACTCCCGCCATCATGGAGGATGACGAGTTGGCCCTAGACTTAGAAGACTTGCTGAGCTTTTCTTACCAGGTGGCAAAGGGCATGGCTTTCCTCGCCTCCAAGAAT
 ,Intron 16-17,4,54731999,54733069,,,1071,gtaagtgggagtgattctctaaaga..........tttcttttctcctccaacctaatag
17,ENSE00001074435,4,54733070,54733192,0,0,123,TGTATTCACAGAGACTTGGCAGCCAGAAATATCCTCCTTACTCATGGTCGGATCACAAAGATTTGTGATTTTGGTCTAGCCAGAGACATCAAGAATGATTCTAATTATGTGGTTAAAGGAAAC
 ,Intron 17-18,4,54733193,54736497,,,3305,gtgagtacccattctctgcttgaca..........tgactctgttgtgcttctattacag
18,ENSE00001074442,4,54736498,54736609,0,1,112,GCTCGACTACCTGTGAAGTGGATGGCACCTGAAAGCATTTTCAACTGTGTATACACGTTTGAAAGTGACGTCTGGTCCTATGGGATTTTTCTTTGGGAGCTGTTCTCTTTAG
 ,Intron 18-19,4,54736610,54736720,,,111,gtaaaatgatccttgccaaagacaa..........cactgctttgcaaactgtgtctcag
19,ENSE00001224349,4,54736721,54736820,1,2,100,GAAGCAGCCCCTATCCTGGAATGCCGGTCGATTCTAAGTTCTACAAGATGATCAAGGAAGGCTTCCGGATGCTCAGCCCTGAACACGCACCTGCTGAAAT
 ,Intron 19-20,4,54736821,54737174,,,354,gtaagagccaaaaaatttttccttt..........atagtaaatggcccttgtcttgcag
20,ENSE00001074415,4,54737175,54737280,2,0,106,GTATGACATAATGAAGACTTGCTGGGATGCAGATCCCCTAAAAAGACCAACATTCAAGCAAATTGTTCAGCTAATTGAGAAGCAGATTTCAGAGAGCACCAATCAT
 ,Intron 20-21,4,54737281,54738428,,,1148,gtgagtataccctggccaggcatag..........ttgactatgggcttgttttctccag
21,ENSE00001898693,4,54738429,54740715,0,-,2287,ATTTACTCCAACTTAGCAAACTGCAGCCCCAACCGACAGAAGCCCGTGGTAGACCATTCTGTGCGGATCAATTCTGTCGGCAGCACCGCTTCCTCCTCCCAGCCTCTGCTTGTGCACGACGATGTCTGAGCAGAATCAGTGTTTGGGTCACCCCTCCAGGAATGATCTCTTCTTTTGGCTTCCATGATGGTTATTTTCTTTTCTTTCAACTTGCATCCAACTCCAGGATAGTGGGCACCCCACTGCAATCCTGTCTTTCTGAGCACACTTTAGTGGCCGATGATTTTTGTCATCAGCCACCATCCTATTGCAAAGGTTCCAACTGTATATATTCCCAATAGCAACGTAGCTTCTACCATGAACAGAAAACATTCTGATTTGGAAAAAGAGAGGGAGGTATGGACTGGGGGCCAGAGTCCTTTCCAAGGCTTCTCCAATTCTGCCCAAAAATATGGTTGATAGTTTACCTGAATAAATGGTAGTAATCACAGTTGGCCTTCAGAACCATCCATAGTAGTATGATGATACAAGATTAGAAGCTGAAAACCTAAGTCCTTTATGTGGAAAACAGAACATCATTAGAACAAAGGACAGAGTATGAACACCTGGGCTTAAGAAATCTAGTATTTCATGCTGGGAATGAGACATAGGCCATGAAAAAAATGATCCCCAAGTGTGAACAAAAGATGCTCTTCTGTGGACCACTGCATGAGCTTTTATACTACCGACCTGGTTTTTAAATAGAGTTTGCTATTAGAGCATTGAATTGGAGAGAAGGCCTCCCTAGCCAGCACTTGTATATACGCATCTATAAATTGTCCGTGTTCATACATTTGAGGGGAAAACACCATAAGGTTTCGTTTCTGTATACAACCCTGGCATTATGTCCACTGTGTATAGAAGTAGATTAAGAGCCATATAAGTTTGAAGGAAACAGTTAATACCATTTTTTAAGGAAACAATATAACCACAAAGCACAGTTTGAACAAAATCTCCTCTTTTAGCTGATGAACTTATTCTGTAGATTCTGTGGAACAAGCCTATCAGCTTCAGAATGGCATTGTACTCAATGGATTTGATGCTGTTTGACAAAGTTACTGATTCACTGCATGGCTCCCACAGGAGTGGGAAAACACTGCCATCTTAGTTTGGATTCTTATGTAGCAGGAAATAAAGTATAGGTTTAGCCTCCTTCGCAGGCATGTCCTGGACACCGGGCCAGTATCTATATATGTGTATGTACGTTTGTATGTGTGTAGACAAATATTTGGAGGGGTATTTTTGCCCTGAGTCCAAGAGGGTCCTTTAGTACCTGAAAAGTAACTTGGCTTTCATTATTAGTACTGCTCTTGTTTCTTTTCACATAGCTGTCTAGAGTAGCTTACCAGAAGCTTCCATAGTGGTGCAGAGGAAGTGGAAGGCATCAGTCCCTATGTATTTGCAGTTCACCTGCACTTAAGGCACTCTGTTATTTAGACTCATCTTACTGTACCTGTTCCTTAGACCTTCCATAATGCTACTGTCTCACTGAAACATTTAAATTTTACCCTTTAGACTGTAGCCTGGATATTATTCTTGTAGTTTACCTCTTTAAAAACAAAACAAAACAAAACAAAAAACTCCCCTTCCTCACTGCCCAATATAAAAGGCAAATGTGTACATGGCAGAGTTTGTGTGTTGTCTTGAAAGATTCAGGTATGTTGCCTTTATGGTTTCCCCCTTCTACATTTCTTAGACTACATTTAGAGAACTGTGGCCGTTATCTGGAAGTAACCATTTGCACTGGAGTTCTATGCTCTCGCACCTTTCCAAAGTTAACAGATTTTGGGGTTGTGTTGTCACCCAAGAGATTGTTGTTTGCCATACTTTGTCTGAAAAATTCCTTTGTGTTTCTATTGACTTCAATGATAGTAAGAAAAGTGGTTGTTAGTTATAGATGTCTAGGTACTTCAGGGGCACTTCATTGAGAGTTTTGTCTTGGATATTCTTGAAAGTTTATATTTTTATAATTTTTTCTTACATCAGATGTTTCTTTGCAGTGGCTTAATGTTTGAAATTATTTTGTGGCTTTTTTTGTAAATATTGAAATGTAGCAATAATGTCTTTTGAATATTCCCAAGCCCATGAGTCCTTGAAAATATTTTTTATATATACAGTAACTTTATGTGTAAATACATAAGCGGCGTAAGTTTAAAGGATGTTGGTGTTCCACGTGTTTTATTCCTGTATGTTGTCCAATTGTTGACAGTTCTGAAGAATTCTAATAAAATGTACATATATAAATCAA
,3' downstream sequence,4,,,,,,gtggagtcatttgattgttgagattcgttgagattaaactttaaagcatt..........