No.,Exon / Intron,Chrom,Start,End,Start Phase,End Phase,Length,Sequence
,5' upstream sequence,12,,,,,,..........ttaatcatcactggacttgttttcaaaaagccaactactttaagaggaat
1,ENSE00000994887,12,21131194,21131236,-,-,43,AAAGGGTGGACTTGTTGCAGTTGCTGTAGGATTCTAAATCCAG
 ,Intron 1-2,12,21131237,21141513,,,10277,gtaagaaccattgagattctctaat..........aactatactttttcttccttaatag
2,ENSE00003625019,12,21141514,21141658,-,0,145,GTGATTGTTTCAAACTGAGCATCAACAACAAAAACATTTGTATGATATCTATATTTCAATCATGGACCAAAATCAACATTTGAATAAAACAGCAGAGGCACAACCTTCAGAGAATAAGAAAACAAGATACTGCAATGGATTGAAG
 ,Intron 2-3,12,21141659,21172649,,,30991,gtagaataagttttatgtttttgag..........cccctttccttctgatttttcttag
3,ENSE00001663597,12,21172650,21172791,0,1,142,ATGTTCTTGGCAGCTCTGTCACTCAGCTTTATTGCTAAGACACTAGGTGCAATTATTATGAAAAGTTCCATCATTCATATAGAACGGAGATTTGAGATATCCTCTTCTCTTGTTGGTTTTATTGACGGAAGCTTTGAAATTG
 ,Intron 3-4,12,21172792,21174576,,,1785,gtaacatttattttctattttaata..........caacataattttgttccctttctag
4,ENSE00001646157,12,21174577,21174709,1,2,133,GAAATTTGCTTGTGATTGTATTTGTGAGTTACTTTGGATCCAAACTACATAGACCAAAGTTAATTGGAATCGGTTGTTTCATTATGGGAATTGGAGGTGTTTTGACTGCTTTGCCACATTTCTTCATGGGATA
 ,Intron 4-5,12,21174710,21176775,,,2066,gtaagtgttaaaaaaaaaaaaaacc..........gtttaattcagtgatgttcttacag
5,ENSE00001699552,12,21176776,21176897,2,1,122,TTACAGGTATTCTAAAGAAACTAATATCAATTCATCAGAAAATTCAACATCGACCTTATCCACTTGTTTAATTAATCAAATTTTATCACTCAATAGAGCATCACCTGAGATAGTGGGAAAAG
 ,Intron 5-6,12,21176898,21178575,,,1678,gtaagaattaatattgacagtaaaa..........atgaaacactctcttatctacatag
6,ENSE00001669501,12,21178576,21178722,1,1,147,GTTGTTTAAAGGAATCTGGGTCATACATGTGGATATATGTGTTCATGGGTAATATGCTTCGTGGAATAGGGGAGACTCCCATAGTACCATTGGGGCTTTCTTACATTGATGATTTCGCTAAAGAAGGACATTCTTCTTTGTATTTAG
 ,Intron 6-7,12,21178723,21178921,,,199,gtaatgtacacaaaatattaaattg..........taaaattgctttataatattttcag
7,ENSE00001674207,12,21178922,21179020,1,1,99,GTATATTGAATGCAATAGCAATGATTGGTCCAATCATTGGCTTTACCCTGGGATCTCTGTTTTCTAAAATGTACGTGGATATTGGATATGTAGATCTAA
 ,Intron 7-8,12,21179021,21196945,,,17925,gtaagtacaaccagaacaaggtacc..........tggcttctataattatttattctag
8,ENSE00001799830,12,21196946,21197188,1,1,243,GCACTATCAGGATAACTCCTACTGATTCTCGATGGGTTGGAGCTTGGTGGCTTAATTTCCTTGTGTCTGGACTATTCTCCATTATTTCTTCCATACCATTCTTTTTCTTGCCCCAAACTCCAAATAAACCACAAAAAGAAAGAAAAGCTTCACTGTCTTTGCATGTGCTGGAAACAAATGATGAAAAGGATCAAACAGCTAATTTGACCAATCAAGGAAAAAATATTACCAAAAATGTGACTG
 ,Intron 8-9,12,21197189,21200507,,,3319,gtaagtatttaacattcattgtcaa..........tttctttatttttacaattttacag
9,ENSE00001756615,12,21200508,21200672,1,1,165,GTTTTTTCCAGTCTTTTAAAAGCATCCTTACTAATCCCCTGTATGTTATGTTTGTGCTTTTGACGTTGTTACAAGTAAGCAGCTATATTGGTGCTTTTACTTATGTCTTCAAATACGTAGAGCAACAGTATGGTCAGCCTTCATCTAAGGCTAACATCTTATTGG
 ,Intron 9-10,12,21200673,21202490,,,1818,gtaagacatattttttacttgtgtg..........acaactttttttcttttttttctag
10,ENSE00000725757,12,21202491,21202686,1,2,196,GAGTCATAACCATACCTATTTTTGCAAGTGGAATGTTTTTAGGAGGATATATCATTAAAAAATTCAAACTGAACACCGTTGGAATTGCCAAATTCTCATGTTTTACTGCTGTGATGTCATTGTCCTTTTACCTATTATATTTTTTCATACTCTGTGAAAACAAATCAGTTGCCGGACTAACCATGACCTATGATGG
 ,Intron 10-11,12,21202687,21205867,,,3181,gtttgtatatatcactatatcaatt..........atatatgtctatcatatatttccag
11,ENSE00001721182,12,21205868,21206033,2,0,166,AAATAATCCAGTGACATCTCATAGAGATGTACCACTTTCTTATTGCAACTCAGACTGCAATTGTGATGAAAGTCAATGGGAACCAGTCTGTGGAAACAATGGAATAACTTACATCTCACCCTGTCTAGCAGGTTGCAAATCTTCAAGTGGCAATAAAAAGCCTATA
 ,Intron 11-12,12,21206034,21217118,,,11085,gtgagtattagtttttactttcctc..........tcatattttatacacaacgcttaag
12,ENSE00000822217,12,21217119,21217303,0,2,185,GTGTTTTACAACTGCAGTTGTTTGGAAGTAACTGGTCTCCAGAACAGAAATTACTCAGCCCATTTGGGTGAATGCCCAAGAGATGATGCTTGTACAAGGAAATTTTACTTTTTTGTTGCAATACAAGTCTTGAATTTATTTTTCTCTGCACTTGGAGGCACCTCACATGTCATGCTGATTGTTAA
 ,Intron 12-13,12,21217304,21222299,,,4996,gtaagtatgacttttaaaaacattt..........tttctttgcctttgtcttgtttcag
13,ENSE00000725819,12,21222300,21222364,2,1,65,AATTGTTCAACCTGAATTGAAATCACTTGCACTGGGTTTCCACTCAATGGTTATACGAGCACTAG
 ,Intron 13-14,12,21222365,21224721,,,2357,gtatgatgaaaaaaaaaaaaaaaaa..........gacatcttctcttctcctattacag
14,ENSE00000822219,12,21224722,21224839,1,2,118,GAGGAATTCTAGCTCCAATATATTTTGGGGCTCTGATTGATACAACGTGTATAAAGTGGTCCACCAACAACTGTGGCACACGTGGGTCATGTAGGACATATAATTCCACATCATTTTC
 ,Intron 14-15,12,21224840,21238978,,,14139,gtaagttgtcataaatatatttcat..........tgttttattttctctatttctacag
15,ENSE00002290238,12,21238979,21239796,2,-,818,AAGGGTCTACTTGGGCTTGTCTTCAATGTTAAGAGTCTCATCACTTGTTTTATATATTATATTAATTTATGCCATGAAGAAAAAATATCAAGAGAAAGATATCAATGCATCAGAAAATGGAAGTGTCATGGATGAAGCAAACTTAGAATCCTTAAATAAAAATAAACATTTTGTCCCTTCTGCTGGGGCAGATAGTGAAACACATTGTTAAGGGGAGAAAAAAAGCCACTTCTGCTTCTGTGTTTCCAAACAGCATTGCATTGATTCAGTAAGATGTTATTTTTGAGGAGTTCCTGGTCCTTTCACTAAGAATTTCCACATCTTTTATGGTGGAAGTATAAATAAGCCTATGAACTTATAATAAAACAAACTGTAGGTAGAAAAAATGAGAGTACTCATTGTTACATTATAGCTACATATTTGTGGTTAAGGTTAGACTATATGATCCATACAAATTAAAGTGAGAGACATGGTTACTGTGTAATAAAAGAAAAAATACTTGTTCAGGTAATTCTAATTCTTAATAAAACAAATGAGTATCATACAGGTAGAGGTTAAAAAGGAGGAGCTAGATTCATATCCTAAGTAAAGAGAAATGCCTAGTGTCTATTTTATTAAACAAACAAACACAGAGTTTGAACTATAATACTAAGGCCTGAAGTCTAGCTTGGATATATGCTACAATAATATCTGTTACTCACATAAAATTATATATTTCACAGACTTTATCAATGTATAATTAACAATTATCTTGTTTAAGTAAATTTAGAATACATTTAAGTATTGTGGAAGAAATAAAGACATTCCAATATTTGCAA
,3' downstream sequence,12,,,,,,gctgtgattgtcaaacaacatattacattatgtgttaagtttccagtggg..........