No.,Exon / Intron,Chrom,Start,End,Start Phase,End Phase,Length,Sequence
,5' upstream sequence,6,,,,,,..........cgcggagaagtggcggaggtggaagcggaggcgtacccgcccctggggac
1,ENSE00001478514,6,18155077,18155033,-,-,45,GTCATTGGTGGCGGAGGCAATGGCCGGCAACCAGCTGTAAGCGAG
 ,Intron 1-2,6,18155032,18149172,,,5861,gtaggctcactcgggcgcggagggt..........aacattgcaaatattttccacgtag
2,ENSE00000928742,6,18149171,18148988,-,2,184,GCACGGAAGACATATGCTTGTGAGACAAAGGTGTCTCTGAAACTATGGATGGTACAAGAACTTCACTTGACATTGAAGAGTACTCGGATACTGAGGTACAGAAAAACCAAGTACTAACTCTGGAAGAATGGCAAGACAAGTGGGTGAACGGCAAGACTGCTTTTCATCAGGAACAAGGACATCA
 ,Intron 2-3,6,18148987,18147916,,,1072,gtaagaaatatttggtatacaatag..........aaacctttttttttttcctcttcag
3,ENSE00000928741,6,18147915,18147823,2,2,93,GCTATTAAAGAAGCATTTAGATACTTTCCTTAAAGGCAAGAGTGGACTGAGGGTATTTTTTCCTCTTTGCGGAAAAGCGGTTGAGATGAAATG
 ,Intron 3-4,6,18147822,18143729,,,4094,gtatgagcagataaacattaacaga..........agtgtaaatgtatgattttatgcag
4,ENSE00000928740,6,18143728,18143596,2,0,133,GTTTGCAGACCGGGGACACAGTGTAGTTGGTGTGGAAATCAGTGAACTTGGGATACAAGAATTTTTTACAGAGCAGAATCTTTCTTACTCAGAAGAACCAATCACCGAAATTCCTGGAACCAAAGTATTTAAG
 ,Intron 4-5,6,18143595,18139718,,,3878,gtttgttttgatttgggtaaataat..........tttttttttcattatttcattacag
5,ENSE00000928739,6,18139717,18139665,0,2,53,AGTTCTTCGGGGAACATTTCATTGTACTGTTGCAGTATTTTTGATCTTCCCAG
 ,Intron 5-6,6,18139664,18139038,,,627,gtaggttgaatactacatctgcact..........aaaatgttttttctctttctggtag
6,ENSE00000928738,6,18139037,18138963,2,2,75,GACAAATATTGGCAAATTTGACATGATTTGGGATAGAGGAGCATTAGTTGCCATCAATCCAGGTGATCGCAAATG
 ,Intron 6-7,6,18138962,18133890,,,5073,gtaagtaatttttctttttttgttt..........aaataccttcttgtgttctttgtag
7,ENSE00000928737,6,18133889,18133804,2,1,86,CTATGCAGATACAATGTTTTCCCTCCTGGGAAAGAAGTTTCAGTATCTCCTGTGTGTTCTTTCTTATGATCCAACTAAACATCCAG
 ,Intron 7-8,6,18133803,18132178,,,1626,gtaaagttgttgggttttttttttt..........cagaatttatttctcttttacctag
8,ENSE00000928736,6,18132177,18132133,1,1,45,GTCCACCATTTTATGTTCCACATGCTGAAATTGAAAGGTTGTTTG
 ,Intron 8-9,6,18132132,18130781,,,1352,gtaagtttgtggacttatgctgtaa..........aacatgttactctttcttgtttcag
9,ENSE00001209706,6,18130780,18128311,1,-,2470,GTAAAATATGCAATATACGTTGTCTTGAGAAGGTTGATGCTTTTGAAGAACGACATAAAAGTTGGGGAATTGACTGTCTTTTTGAAAAGTTATATCTACTTACAGAAAAGTAAATGAGACATAGATAAAATAAAATCACACTGACATGTTTTTGAGGAATTGAAAATTATGCTAAAGCCTGAAAATGTAATGGATGAATTTTTAAAATTGTTTATAAATCATATGATAGATCTTTACTAAAAATGGCTTTTTAGTAAAGCCATTTACTTTTTCTAAAAAAGTTTTAGAAGAAAAAGATGTAACTAAACTTTTAAAGTAGCTCCTTTGGAGAGGAGATTATGATGTGAAAGATTATGCCTATGTGTCTTGCAGATTGCAAGATATTTTACCAATCAGCATGTGTTACCTGTACAATTAAAAAAATATTTCAAAATGCAATGCATATTAAATATAATACACACAGAAAAACTGGCATTTATTTTGTTTTATTTTTTTGAGATGGAGTTTCGTTCTTGTTGCCCAACCTGGAGTGCAATGGTGCAATCTCAGCTCACTGCAACCTCTGCCTCCCAGGTTCAGGTGATTCTCCTGCCTCAGCCTCCTGAGTAGCTGGGATTACAGGTGTGCGCCACCACGCCCAGCTAATTTTTTGTATTTTTAGTAGAGACAGGGTTTCACCATGTTGGTCAGGCTGATCTCGAGCTCCTGACCTCAGGTGATCTACCCACCTCGGCCTCCCAAAGTGCTGGGATTACAGGCGTGAGCCACTGCACCTGGCCTGACATTCTTTATGAAATTTAGAATTGTTGAAGAACTATAACATTTCAGTAGGGTTCAAGGTGGTCCCAAAAGTTATATAAAAGATTAGTTTTTACTATAAACCCTTGTCTTTTACTCAGATCCTAGCATCCCTTTTCACATGGTTTCTCCATGTATATAACAGAATCAAGAAACAAATTTTAATTAAACAATCTGTAACAGAATCAAGAAACAAATACATTTTAATTAAACAATCTATATGGAACAAACATTCCCAAATTCTAAGAATAAATTTTTCTTTAAGTTTTCTCTGAGTTTGGCAATTGTTGTTTTTTATAATTTAATCTGTTTAAATCATCAGGTCTTATAAAATATAATGTACTTAGAGCTGGATTCATGGCTGTTTATTATGAAAGGTTAGATTTCTCAGTTCTTCTTTAACCACATTTTGTTATATCAGACAGTCCTCTATAACTCTGTACTACCCAACAACTAAATGGTTTAGATTGTTTAGCTCATGTTAATAGGATGGTTGTGTATTATAAAAAACGAGTTACGTGTGTGTGTGCACGCATGCACGCACATGTGCTGGCTTAAAGGTTGTTAATGCAAGGTTTGGGGTCCCCTTTAACACTGGTGAAAGCTACGGTACTCTCCCCAGAGATATGTCTTGTCAGCCTCTCTAGTTCCCCTTGGCCTGCATGTACAAACTTCTACCCTAGAAGCTCTCTGCCATCGATGTATTCTAATAGATTTGTAAGGCTATTAATTTGAAGCAACTCCTTGCTCACAGTGATTCTTGCTTCTCTGAGACCTGCTCCCAGTCGATACTGTGGGCTTCAGAAGCCATGACTCCCCAACTCTGCCTGTATCACCGGTTGAATGGACAACTAACCCGAGCTGGACCAACACAATTCTCTCCAGAGACTTTTGATTTTACTTTTATGTAGAGACAGGGTCTCACTTTGTTGCCCACGCTGATGTTGAACTTGACGTGAGGCCTCAAGCAGTCCTCCTGTCTTGGCCACCCAAAGTGCTAGGATTACAGGTATGAGCCATTGCGCTGGCCCTCTTCATAGGCTTTTGGACTTGGGAATAGAAAAGCAACCCCGTCTCTACTAAAAATACAAAAAAATTAGCCAGGCGTGGTGGCACGTGCCTGTAATCCCAGCTACTTGGGAGGCTGAGGCAGGAGAATCACTTGAACCTAGGAGGCGGAGGTTGCAGTGAGCTGAGATCATGCCACTGCACGCAAGCCTGGGCAACAGAGCAAGACTCTGTCTCAAAAGAAAGAAAAAGAAAAGAAAAAAAAGAAAGGCAAGTTGACTGCTGAAAGGGGAATCTGTGTACGCCTGGGAGCTGTGGGGCAGCCACATTCCAGCACATGGATCTGAGAAACAGAACGCTGATCTGCAGAAAGAGATGAGAACCAAAGAGAGGCCACCTGCGTCCTGGGTCCATTTTCATCCTCCCTGAAGCCCAGCTGCCCAGGGTGGGGAGAAACACCCTGTGTCCATGGGATAGAGTCCTTTCCGCTTGCAGTTGTGCCCAAAGAATCTTAAATACAAATGAGATATCCTTAGGTAGTTGATCATTTATGTAATATGTGTCTTCACTGGGGAATACTGACTTCCTAAAATCTCAAGATGGAAGATATACCACATGTAAATTATTTTAGAGCAATTAAATTGTTTTCAGGATTTTCCAAAAA
,3' downstream sequence,6,,,,,,tgcttcttgtttcattttattatttaagtaacagattatctgagcctctg..........