No.,Exon / Intron,Chrom,Start,End,Start Phase,End Phase,Length,Sequence
,5' upstream sequence,18,,,,,,..........gcgggacggccgcgggaaaaggcgcgcggaaggggtcctgccaccgcgcc
1,ENSE00001753233,18,657653,657947,-,1,295,ACTTGGCCTGCCTCCGTCCCGCCGCGCCACTTGGCCTGCCTCCGTCCCGCCGCGCCACTTCGCCTGCCTCCGTCCCCCGCCCGCCGCGCCATGCCTGTGGCCGGCTCGGAGCTGCCGCGCCGGCCCTTGCCCCCCGCCGCACAGGAGCGGGACGCCGAGCCGCGTCCGCCGCACGGGGAGCTGCAGTACCTGGGGCAGATCCAACACATCCTCCGCTGCGGCGTCAGGAAGGACGACCGCACGGGCACCGGCACCCTGTCGGTATTCGGCATGCAGGCGCGCTACAGCCTGAGAG
 ,Intron 1-2,18,657948,659640,,,1693,gtgacgccgcgggcccctgcgggac..........aaccgtatggcaaattgtttttcag
2,ENSE00003556949,18,659641,659714,1,0,74,ATGAATTCCCTCTGCTGACAACCAAACGTGTGTTCTGGAAGGGTGTTTTGGAGGAGTTGCTGTGGTTTATCAAG
 ,Intron 2-3,18,659715,662145,,,2431,gtaaagaagtcgctgctattagaag..........gctctgctctccccatctcttccag
3,ENSE00003483247,18,662146,662320,0,1,175,GGATCCACAAATGCTAAAGAGCTGTCTTCCAAGGGAGTGAAAATCTGGGATGCCAATGGATCCCGAGACTTTTTGGACAGCCTGGGATTCTCCACCAGAGAAGAAGGGGACTTGGGCCCAGTTTATGGCTTCCAGTGGAGGCATTTTGGGGCAGAATACAGAGATATGGAATCAG
 ,Intron 3-4,18,662321,669071,,,6751,gtgaggagatagaacaatgccttcc..........tcctctctttttgacaattctacag
4,ENSE00003679046,18,669072,669173,1,1,102,ATTATTCAGGACAGGGAGTTGACCAACTGCAAAGAGTGATTGACACCATCAAAACCAACCCTGACGACAGAAGAATCATCATGTGCGCTTGGAATCCAAGAG
 ,Intron 4-5,18,669174,670691,,,1518,gttgaaagaaccccgtcgtcttcat..........ttatcttcctctgctggttcctcag
5,ENSE00003521550,18,670692,670867,1,0,176,ATCTTCCTCTGATGGCGCTGCCTCCATGCCATGCCCTCTGCCAGTTCTATGTGGTGAACAGTGAGCTGTCCTGCCAGCTGTACCAGAGATCGGGAGACATGGGCCTCGGTGTGCCTTTCAACATCGCCAGCTACGCCCTGCTCACGTACATGATTGCGCACATCACGGGCCTGAAG
 ,Intron 5-6,18,670868,671379,,,512,gtgggctgtctcgggaagggtgact..........tctgctttctcccccgggtttatag
6,ENSE00003511087,18,671380,671451,0,0,72,CCAGGTGACTTTATACACACTTTGGGAGATGCACATATTTACCTGAATCACATCGAGCCACTGAAAATTCAG
 ,Intron 6-7,18,671452,672859,,,1408,gtaagaattagatgttatacttttg..........aataatggccttattttgtttttag
7,ENSE00002689316,18,672860,673578,0,-,719,CTTCAGCGAGAACCCAGACCTTTCCCAAAGCTCAGGATTCTTCGAAAAGTTGAGAAAATTGATGACTTCAAAGCTGAAGACTTTCAGATTGAAGGGTACAATCCGCATCCAACTATTAAAATGGAAATGGCTGTTTAGGGTGCTTTCAAAGGAGCTCGAAGGATATTGTCAGTCTTTAGGGGTTGGGCTGGATGCCGAGGTAAAAGTTCTTTTTGCTCTAAAAGAAAAAGGAACTAGGTCAAAAATCTGTCCGTGACCTATCAGTTATTAATTTTTAAGGATGTTGCCACTGGCAAATGTAACTGTGCCAGTTCTTTCCATAATAAAAGGCTTTGAGTTAACTCACTGAGGGTATCTGACAATGCTGAGGTTATGAACAAAGTGAGGAGAATGAAATGTATGTGCTCTTAGCAAAAACATGTATGTGCATTTCAATCCCACGTACTTATAAAGAAGGTTGGTGAATTTCACAAGCTATTTTTGGAATATTTTTAGAATATTTTAAGAATTTCACAAGCTATTCCCTCAAATCTGAGGGAGCTGAGTAACACCATCGATCATGATGTAGAGTGTGGTTATGAACTTTAAAGTTATAGTTGTTTTATATGTTGCTATAATAAAGAAGTGTTCTGCATTCGTCCACGCTTTGTTCATTCTGTACTGCCACTTATCTGCTCAGTTCCTTCCTAAAATAGATTAAAGAACTCTCCTTAAGTAAA
,3' downstream sequence,18,,,,,,catgtgctgtattctggtttggatgctacttaaaagagtatattttagaa..........