No.,Exon / Intron,Chrom,Start,End,Start Phase,End Phase,Length,Sequence
,5' upstream sequence,2,,,,,,..........gattggtttttgccatatatatatatataagtaggagagggcgaacctct
1,ENSE00001124690,2,233760270,233761151,-,0,882,GGCAGGAGCAAAGGCGCCATGGCTGTGGAGTCCCAGGGCGGACGCCCACTTGTCCTGGGCCTGCTGCTGTGTGTGCTGGGCCCAGTGGTGTCCCATGCTGGGAAGATACTGTTGATCCCAGTGGATGGCAGCCACTGGCTGAGCATGCTTGGGGCCATCCAGCAGCTGCAGCAGAGGGGACATGAAATAGTTGTCCTAGCACCTGACGCCTCGTTGTACATCAGAGACGGAGCATTTTACACCTTGAAGACGTACCCTGTGCCATTCCAAAGGGAGGATGTGAAAGAGTCTTTTGTTAGTCTCGGGCATAATGTTTTTGAGAATGATTCTTTCCTGCAGCGTGTGATCAAAACATACAAGAAAATAAAAAAGGACTCTGCTATGCTTTTGTCTGGCTGTTCCCACTTACTGCACAACAAGGAGCTCATGGCCTCCCTGGCAGAAAGCAGCTTTGATGTCATGCTGACGGACCCTTTCCTTCCTTGCAGCCCCATCGTGGCCCAGTACCTGTCTCTGCCCACTGTATTCTTCTTGCATGCACTGCCATGCAGCCTGGAATTTGAGGCTACCCAGTGCCCCAACCCATTCTCCTACGTGCCCAGGCCTCTCTCCTCTCATTCAGATCACATGACCTTCCTGCAGCGGGTGAAGAACATGCTCATTGCCTTTTCACAGAACTTTCTGTGCGACGTGGTTTATTCCCCGTATGCAACCCTTGCCTCAGAATTCCTTCAGAGAGAGGTGACTGTCCAGGACCTATTGAGCTCTGCATCTGTCTGGCTGTTTAGAAGTGACTTTGTGAAGGATTACCCTAGGCCCATCATGCCCAATATGGTTTTTGTTGGTGGAATCAACTGCCTTCACCAAAATCCACTATCCCAG
 ,Intron 1-2,2,233761152,233767033,,,5882,gtgtgtattggagtgggacttttac..........ctgaaaatttttcttctggctctag
2,ENSE00003709300,2,233767034,233767165,0,0,132,GAATTTGAAGCCTACATTAATGCTTCTGGAGAACATGGAATTGTGGTTTTCTCTTTGGGATCAATGGTCTCAGAAATTCCAGAGAAGAAAGCTATGGCAATTGCTGATGCTTTGGGCAAAATCCCTCAGACA
 ,Intron 2-3,2,233767166,233767848,,,683,gtaagaagattctataccatggcct..........gttctgctctttttgcccctcccag
3,ENSE00003703538,2,233767849,233767936,0,1,88,GTCCTGTGGCGGTACACTGGAACCCGACCATCGAATCTTGCGAACAACACGATACTTGTTAAGTGGCTACCCCAAAACGATCTGCTTG
 ,Intron 3-4,2,233767937,233768219,,,283,gtatgttgggcggattggatgtata..........acatcctccctattttgcatctcag
4,ENSE00003711357,2,233768220,233768439,1,2,220,GTCACCCGATGACCCGTGCCTTTATCACCCATGCTGGTTCCCATGGTGTTTATGAAAGCATATGCAATGGCGTTCCCATGGTGATGATGCCCTTGTTTGGTGATCAGATGGACAATGCAAAGCGCATGGAGACTAAGGGAGCTGGAGTGACCCTGAATGTTCTGGAAATGACTTCTGAAGATTTAGAAAATGCTCTAAAAGCAGTCATCAATGACAAAAG
 ,Intron 4-5,2,233768440,233772261,,,3822,gtaagaaagaagatacagaagaata..........ataacgaaactgtctttgtgtttag
5,ENSE00003649707,2,233772262,233773300,2,-,1039,TTACAAGGAGAACATCATGCGCCTCTCCAGCCTTCACAAGGACCGCCCGGTGGAGCCGCTGGACCTGGCCGTGTTCTGGGTGGAGTTTGTGATGAGGCACAAGGGCGCGCCACACCTGCGCCCCGCAGCCCACGACCTCACCTGGTACCAGTACCATTCCTTGGACGTGATTGGTTTCCTCTTGGCCGTCGTGCTGACAGTGGCCTTCATCACCTTTAAATGTTGTGCTTATGGCTACCGGAAATGCTTGGGGAAAAAAGGGCGAGTTAAGAAAGCCCACAAATCCAAGACCCATTGAGAAGTGGGTGGGAAATAAGGTAAAATTTTGAACCATTCCCTAGTCATTTCCAAACTTGAAAACAGAATCAGTGTTAAATTCATTTTATTCTTATTAAGGAAATACTTTGCATAAATTAATCAGCCCCAGAGTGCTTTAAAAAATTCTCTTAAATAAAAATAATAGACTCGCTAGTCAGTAAAGATATTTGAATATGTATCGTGCCCCCTCTGGTGTCTTTGATCAGGATGACATGTGCCATTTTTCAGAGGACGTGCAGACAGGCTGGCATTCTAGATTACTTTTCTTACTCTGAAACATGGCCTGTTTGGGAGTGCGGGATTCAAAGGTGGTCCCACGGCTGCCCCTACTGCAAATGGCAGTTTTAATCTTATCTTTTGGCTTCTGCAGATGGTTGCAATTGATCCTTAACCAATAATGGTCAGTCCTCATCTCTGTCGTGCTTCATAGGTGCCACCTTGTGTGTTTAAAGAAGGGAAGCTTTGTACCTTTAGAGTGTAGGTGAAATGAATGAATGGCTTGGAGTGCACTGAGAACAGCATATGATTTCTTGCTTTGGGGAAAAAGAATGATGCTATGAAATTGGTGGGTGGTGTATTTGAGAAGATAATCATTGCTTATGTCAAATGGAGCTGAATTTGATAAAAACCCAAAATACAGCTATGAAGTGCTGGGCAAGTTTACTTTTTTTCTGATGTTTCCTACAACTAAAAATAAATTAATAAATTTATATAAATTCTA
,3' downstream sequence,2,,,,,,tttaagtgttttcactggtgtcgcatttatttcttgttaagttgcatttt..........